"PARAM" "OV" "PCV1" "PCV2" "PCV3" "PCV4" "PCV5"
0 2839999.99435461 0.472607803604544 0.460369944442748 0.484375 0.47767803578338 0.381518405673044
0.00490879707972581 2839999.99246504 0.471223505092916 0.458363817033098 0.484375 0.476557020918083 0.37577415054887
0.00981759415945161 2839999.99044632 0.469669194577316 0.456114124181544 0.484375 0.475294501787884 0.369353953533822
0.0147263912391774 2839999.98857231 0.467819480880045 0.453439936190175 0.484375 0.473788384227704 0.361764589474489
0.0196351883189032 2839999.98592919 0.465860629199487 0.450609922609153 0.484375 0.472192304196437 0.353779667541037
0.024543985398629 2839999.98298519 0.463847708444237 0.447704212301443 0.46875 0.47055054730415 0.345634546749485
0.0294527824783548 2839999.97996491 0.461779693512828 0.444721678011609 0.46875 0.468862374715154 0.337335368716801
0.0343615795580807 2839999.96655061 0.459645074250517 0.441646071184332 0.46875 0.467117909926349 0.32884591415691
0.0392703766378065 2839999.95450578 0.458031986494208 0.439315282685543 0.46875 0.465809358395176 0.322463936554736
0.0441791737175323 2839999.97896948 0.457745304298617 0.438853687317555 0.46875 0.465635765466061 0.321221309310727
0.0490879707972581 2839999.91512052 0.456307125245172 0.436776532485519 0.46875 0.464468514432357 0.315577783443048
0.0539967678769839 2839999.67645339 0.454796041734377 0.434602175001261 0.46875 0.463232846652147 0.309704540911587
0.0589055649567097 2839999.27935738 0.453395063932824 0.432584672536167 0.46875 0.462089985634204 0.304292462279405
0.0638143620364355 2839998.45318685 0.451978306570786 0.430545384211296 0.46875 0.460934285137292 0.29885793569833
0.0687231591161613 2839997.62167224 0.450632371834105 0.42860635496377 0.46875 0.45983901461005 0.293724881437439
0.0736319561958871 2839997.99521691 0.449464024098598 0.426918562305225 0.46875 0.458894171836236 0.28928679729283
0.0785407532756129 2839999.83503306 0.447885001416652 0.424652727738636 0.46875 0.457601159136161 0.283366926569946
0.0834495503553387 2839201.69378843 0.445340074654228 0.420999487022649 0.46875 0.455523867262254 0.276699439317043
0.0883583474350645 2837412.47167804 0.442142382428785 0.416398013115859 0.46875 0.452932856282693 0.265055764987176
0.0932671445147903 2835645.55065 0.438966203544699 0.411831485659969 0.46875 0.450360170346715 0.253716385079831
0.0981759415945161 2833883.07077418 0.435794213170776 0.407275315938641 0.46875 0.447791162698643 0.242625395931777
0.103084738674242 2832124.66365217 0.432626209790225 0.402729515724836 0.46875 0.445225580844841 0.23178933251131
0.107993535753968 2830369.82778735 0.429461941360924 0.398194025155347 0.46875 0.442663178727524 0.221213561731606
0.112902332833694 2828619.93021891 0.426303015467968 0.393671438827777 0.46875 0.440105563625874 0.210908901184611
0.117811129913419 2826875.18271879 0.423149882945536 0.389162694180287 0.46875 0.437552678804489 0.200881451368025
0.122719926993145 2825135.40252982 0.420002595376674 0.384668158894474 0.46875 0.435004385251947 0.191135259331993
0.127628724072871 2823400.53618309 0.416861329097259 0.380188378297336 0.46875 0.432460913703893 0.181674033330139
0.132537521152597 2821670.55943928 0.413726285610426 0.375723932760866 0.46875 0.429923042239932 0.172500809851238
0.137446318232323 2819945.45057325 0.410597664904141 0.37127539946584 0.46875 0.427390060656177 0.163618270664099
0.142355115312048 2818225.18915086 0.407475664192048 0.366843350414971 0.4375 0.424862482330727 0.1550277142156
0.147263912391774 2816509.90028992 0.404360623814873 0.362428557620985 0.4375 0.422341569302027 0.146730309245785
0.1521727094715 2814799.51179146 0.40125268018452 0.358031503237329 0.4375 0.419826447212098 0.138725987705287
0.157081506551226 2813093.87994395 0.398151893669826 0.353652561280448 0.4375 0.417317048710718 0.131013835919843
0.161990303630952 2811392.95246204 0.395058413145884 0.349292228690458 0.4375 0.4148141630195 0.123592535834991
0.166899100710677 2809696.67659949 0.391972383082192 0.344950994037528 0.4375 0.41231668628186 0.116460141191366
0.171807897790403 2808005.00077136 0.388893945268988 0.340629339681908 0.4375 0.409824814624055 0.10961489463265
0.176716694870129 2806317.7038025 0.385823067077058 0.336327502859014 0.4375 0.407339399201742 0.103053008278796
0.181625491949855 2804634.87860928 0.382760028357732 0.332046153307187 0.4375 0.404858924553066 0.0967707738971361
0.186534289029581 2802956.58627092 0.379705073240093 0.327785906172505 0.4375 0.402384698289481 0.090764250638331
0.191443086109306 2801282.76918935 0.376658322875318 0.323547201903205 0.4375 0.399915781044695 0.0850296100815877
0.196351883189032 2799613.37014509 0.37361989534637 0.319330473064397 0.4375 0.397452533980269 0.0795616137396959
0.201260680268758 2797948.33459656 0.37058990805749 0.315136147409426 0.4375 0.394995140604402 0.0743540971109338
0.206169477348484 2796287.7805789 0.367568648350822 0.310964880935722 0.4375 0.392542856573139 0.0694020087850118
0.21107827442821 2794631.45177272 0.364556024400055 0.30681680556833 0.4375 0.390096935920877 0.0646994271800922
0.215987071507936 2792979.28686131 0.361552137192437 0.302692314049016 0.4375 0.387655597516019 0.0602387050775275
0.220895868587661 2791331.25807258 0.358557118283343 0.298591835967171 0.4375 0.385220455043784 0.0560141240535141
0.225804665667387 2789687.46896769 0.355571227631066 0.294515969000231 0.4375 0.382790067666418 0.0520187306396028
0.230713462747113 2788047.58799888 0.352594286562638 0.290464712527874 0.4375 0.380365654583326 0.0482443160789398
0.235622259826839 2786411.71470003 0.349626545116439 0.28643864081464 0.4375 0.377945858451945 0.0446853207551145
0.240531056906565 2784779.83875711 0.346668140380074 0.282438168962286 0.4375 0.375532159731425 0.0413326153412729
0.24543985398629 2783151.95462534 0.34371921162384 0.2784637086149 0.4375 0.373123051963536 0.0381802144572991
0.250348651066016 2781528.02751573 0.340779865995529 0.274515622152501 0.4375 0.370720162271038 0.0352193053943844
0.255257448145742 2779896.89268586 0.337839047481395 0.270579504549805 0.4375 0.368312484007839 0.0324331066146054
0.260166245225468 2778291.88669105 0.334930320480349 0.266699946565286 0.4375 0.365929681944163 0.0298435067559842
0.265075042305194 2776679.59247218 0.332020310510808 0.262833018586674 0.4375 0.363541878471844 0.0274133418049529
0.269983839384919 2775071.10910907 0.329120278488178 0.258993806183598 0.4375 0.361160738585166 0.0251442000835626
0.274892636464645 2773466.38882925 0.326230305493853 0.255182605283079 0.4375 0.358784490444381 0.0230297048828203
0.279801433544371 2771865.38749501 0.323350473842203 0.251399706834101 0.40625 0.356413528042308 0.0210612277782899
0.284710230624097 2770268.06627968 0.320480868787879 0.247645398833601 0.40625 0.354048599175137 0.0192325014081009
0.289619027703823 2768674.38722597 0.317621574119171 0.243919960440616 0.40625 0.351688463673167 0.0175356110373045
0.294527824783548 2767084.31314355 0.314772672095854 0.240223661800729 0.40625 0.349335160697582 0.0159636760469562
0.299436621863274 2765497.80745821 0.311934243342629 0.236556763823218 0.375 0.346987296839049 0.0145102087550654
0.304345418943 2763914.83413606 0.309106366822335 0.232919518057358 0.375 0.344645672332054 0.0131678940091038
0.309254216022726 2762335.35758909 0.306289119835695 0.229312166556662 0.375 0.342310598924469 0.0119306634796409
0.314163013102452 2760759.34259087 0.303482578056972 0.225734941764136 0.375 0.339980518230007 0.0107921678453518
0.319071810182177 2759186.75419967 0.300686815579515 0.222188066416687 0.375 0.337657673709753 0.00974600521495683
0.323980607261903 2757617.55772561 0.297901905002363 0.21867175350977 0.375 0.335340278640306 0.0087865386473714
0.328889404341629 2756051.71868489 0.295127917505737 0.215186206255806 0.34375 0.333027873704475 0.00790822045045825
0.333798201421355 2754489.20276528 0.292364922934691 0.211731618061897 0.34375 0.330722475418465 0.00710531962523004
0.338706998501081 2752929.9758201 0.289612989888147 0.208308172548334 0.34375 0.328422850205993 0.00637267348292672
0.343615795580807 2751374.00386936 0.286872185771483 0.204916043581519 0.34375 0.326128820761819 0.00570557017049307
0.348524592660532 2749821.25307718 0.284142576813059 0.201555395284706 0.34375 0.32384233735238 0.00509911957163395
0.353433389740258 2748271.6897769 0.281424228124333 0.198226382108189 0.34375 0.321561993958338 0.00454874560345679
0.358342186819984 2746725.28046903 0.278717203734036 0.194929148872945 0.34375 0.319287260089618 0.00405020230771206
0.36325098389971 2745181.99184288 0.276021566644476 0.191663830846166 0.34375 0.317020439266351 0.00359949390181524
0.368159780979436 2743641.7907677 0.27333737885859 0.188430553786551 0.34375 0.314759965876903 0.00319293085179583
0.373068578059161 2742104.64435617 0.270664701472595 0.185229434072309 0.34375 0.3125055425965 0.00282676510304044
0.377977375138887 2740570.52438927 0.268003598947761 0.18206058372268 0.34375 0.310257995087411 0.00249763674937433
0.382886172218613 2739039.40604337 0.265354137868738 0.178924108830245 0.34375 0.308017709501508 0.00220239464409318
0.387794969298339 2737511.24878429 0.262716368736284 0.175820088435915 0.34375 0.305783907265238 0.00193808871934544
0.392703766378065 2735986.02031539 0.260090348953694 0.172748601520976 0.34375 0.30355585125168 0.00170196628417455
0.39761256345779 2734463.68607831 0.257476132830317 0.169709715361006 0.34375 0.30133598242162 0.0014914886499479
0.402521360537516 2732944.20594455 0.254873768543422 0.166703482204419 0.34375 0.29912268281222 0.00130426871884631
0.407430157617242 2731427.31718774 0.252283094677773 0.163729710138008 0.34375 0.296915684520086 0.00113805557168105
0.412338954696968 2729872.52692211 0.249666368971078 0.16074611009904 0.34375 0.294681532595328 0.000988839379337617
0.417247751776694 2728293.39248801 0.247036736765575 0.157768095979828 0.34375 0.292433954905847 0.000856017246619912
0.422156548856419 2726878.26493573 0.244569141876943 0.1549896528307 0.34375 0.290323183877925 0.000745392887408675
0.427065345936145 2725369.98752476 0.242024491264389 0.152144814783839 0.34375 0.288141704085755 0.000644433080401312
0.431974143015871 2723867.46499018 0.239494881205782 0.149335975901731 0.34375 0.285969160008108 0.000555918853750985
0.436882940095597 2722369.2991754 0.236979077762564 0.146561680534713 0.34375 0.283804561730815 0.000478453530346044
0.441791737175323 2720874.55032649 0.234476281736623 0.143820971252166 0.34375 0.281648407950943 0.00041079470505622
0.446700534255048 2719267.75678211 0.231881130083756 0.141001279431468 0.34375 0.279407240392193 0.000349569261895852
0.451609331334774 2717798.78249928 0.22942214820406 0.138347154236781 0.34375 0.277281234941441 0.000298952348753953
0.4565181284145 2716331.51882942 0.226974716705946 0.135724534019066 0.34375 0.275161171606539 0.000255003466398233
0.461426925494226 2714863.3978889 0.224536594720908 0.13313100620411 0.34375 0.273044861783058 0.000216909253592283
0.466335722573952 2713395.22648138 0.222108613190194 0.130567406613672 0.34375 0.27093448760328 0.000183990515783997
0.471244519653678 2711820.18477856 0.21959471488657 0.127934928514866 0.34375 0.268743806382341 0.000154606392326384
0.476153316733403 2710348.53478598 0.217184643676211 0.125429376260769 0.34375 0.266640686574256 0.000130347773107213
0.481062113813129 2708907.52461232 0.214812459139486 0.122981703158104 0.34375 0.264566959442553 0.000109781677876713
0.485970910892855 2707459.65442941 0.21244454945874 0.12055744341275 0.34375 0.26249255358119 9.21444991737376e-05
0.490879707972581 2706006.2382365 0.210082243044961 0.11815798813997 0.34375 0.260418412680037 7.70766369051529e-05
0.495788505052307 2704548.91701464 0.20772714058422 0.115784952326239 0.34375 0.258347545099439 6.42542467796004e-05
0.500697302132032 2703096.50321405 0.205387121992462 0.113446052042702 0.34375 0.25628584213597 5.34132592414324e-05
0.505606099211758 2701637.64387149 0.203052291954133 0.111131463702039 0.34375 0.254224307794163 4.42392272268607e-05
0.510514896291484 2700176.68612512 0.200726602574865 0.108845029705409 0.34375 0.252166443912901 3.65129418315076e-05
0.51542369337121 2698714.97220361 0.198411340101424 0.106587911379062 0.34375 0.250113462246574 3.00312526826279e-05
0.520332490450936 2697254.84266181 0.196108624528436 0.104362016035558 0.34375 0.248067220759354 2.46165061562696e-05
0.525241287530661 2695797.16988408 0.193819279891837 0.102167959385233 0.34375 0.246028091143262 2.01094722453449e-05
0.530150084610387 2694341.4105108 0.19154290588171 0.1000051848309 0.34375 0.243996503049557 1.63698803692227e-05
0.535058881690113 2692887.78691289 0.189279762102244 0.0978737542284286 0.34375 0.241972963671428 1.327888380806e-05
0.539967678769839 2691436.02002713 0.187029678076924 0.0957733230998151 0.34375 0.239956765473886 1.07329574239738e-05
0.544876475849565 2689925.18852442 0.184741266483223 0.0936570687448002 0.34375 0.237900808473887 8.60043378481264e-06
0.54978527292929 2688463.63324045 0.182506368087738 0.0916086536359418 0.34375 0.235889048596847 6.8907526593729e-06
0.554694070009016 2687091.67072112 0.180358310829428 0.0896565938716967 0.3125 0.233952445148835 5.53896820044692e-06
0.559602867088742 2685646.97690625 0.178160855246368 0.0876785796636229 0.3125 0.231965452608971 4.40762189866888e-06
0.564511664168468 2684206.12674198 0.175978449815898 0.0857323211050027 0.3125 0.229986961874986 3.49425455438438e-06
0.569420461248194 2682766.519881 0.173808989962025 0.0838157389667044 0.3125 0.228014998212727 2.75833054732164e-06
0.574329258327919 2681328.29073286 0.171652656899334 0.0819287821948974 0.3125 0.226049688309673 2.16788361562213e-06
0.579238055407645 2679891.32695821 0.169509427722241 0.0800712172872707 0.3125 0.224090524621741 1.69616588430663e-06
0.584146852487371 2678456.4212875 0.167380022972638 0.0782434348394084 0.3125 0.22213923662867 1.32132080226383e-06
0.589055649567097 2677023.44446781 0.165264397268769 0.0764451604225659 0.28125 0.220195895624018 1.02464979736105e-06
0.593964446646823 2675592.35667199 0.163162578964166 0.0746761795446768 0.28125 0.218260128541428 7.90785656800255e-07
0.598873243726548 2674163.17999102 0.161074646008985 0.0729363150209771 0.28125 0.21633188354014 6.07295251428588e-07
0.603782040806274 2672736.02400532 0.159000745102934 0.0712254405547628 0.28125 0.214411381499737 4.64160367364392e-07
0.608690837886 2671309.81629168 0.156940077332031 0.0695426653299536 0.28125 0.212497623120189 3.52935703327885e-07
0.613599634965726 2669884.71736114 0.154892840184344 0.067887912844273 0.28125 0.210590605978905 2.66910217156481e-07
0.618508432045452 2668460.51845203 0.152858937410934 0.0662608676963642 0.28125 0.208690293929118 2.00732473301383e-07
0.623417229125177 2667035.39141089 0.150837012783268 0.0646602372598939 0.28125 0.206795243118142 1.50133499171977e-07
0.628326026204903 2665590.65122245 0.148812665076142 0.0630747476411032 0.28125 0.204891391012623 1.11371683839737e-07
0.633234823284629 2664126.06332171 0.146786055644919 0.0615046658863939 0.28125 0.202978734864894 8.19183978917351e-08
0.638143620364355 2662707.02918643 0.144807686244244 0.059988105280375 0.28125 0.201105986673178 6.01819711671772e-08
0.643052417444081 2661298.15393752 0.142850024475689 0.0585034896278998 0.28125 0.19924646225401 4.39965090424082e-08
0.647961214523807 2659958.64027049 0.14095774270522 0.0570832726650634 0.28125 0.197443790694466 3.22103856924587e-08
0.652870011603532 2658545.33251557 0.139022364043319 0.0556469813512905 0.28125 0.195592441300478 2.32259099226301e-08
0.657778808683258 2657124.0597457 0.137094150767045 0.0542319188545036 0.28125 0.193740888065373 1.66141776265392e-08
0.662687605762984 2655725.11345277 0.135195848867891 0.0528541638580685 0.28125 0.19191160596244 1.18291082355009e-08
0.66759640284271 2654214.26658534 0.133228211182071 0.051443220981995 0.28125 0.190006484864589 8.23985411896184e-09
0.672505199922436 2652773.24970925 0.131325958865531 0.0500945745760736 0.28125 0.188158159757564 5.74788251473548e-09
0.677413997002161 2651380.30269712 0.129472328316658 0.0487951751666306 0.28125 0.186350540165563 4.00241498708142e-09
0.682322794081887 2649961.07563959 0.127613070516355 0.0475070501007056 0.28125 0.184529796401748 2.75348230987606e-09
0.687231591161613 2648563.96638408 0.125783268154768 0.0462539671777326 0.28125 0.182730685600366 1.88535087312424e-09
0.692140388241339 2647144.40040923 0.123950931411872 0.0450140522544123 0.28125 0.18092124570071 1.2750003033806e-09
0.697049185321065 2645757.79175165 0.122155689058296 0.0438134196552794 0.28125 0.179141388504774 8.58519097235647e-10
0.70195798240079 2644398.86328357 0.12039340022665 0.0426485707492655 0.28125 0.177386972326195 5.75376245119702e-10
0.706866779480516 2643055.29373072 0.118655110734892 0.0415130617746346 0.28125 0.175649424041874 3.82734724727253e-10
0.711775576560242 2641700.42207597 0.116922169318195 0.0403945908722722 0.28125 0.173909360400146 2.51808746123781e-10
0.716684373639968 2640304.30072999 0.115174213439781 0.0392803559109042 0.28125 0.172145856963806 1.62770080344905e-10
0.721593170719694 2638909.10283733 0.113440715218504 0.0381889571321018 0.28125 0.170389031917865 1.04194807047215e-10
0.72650196779942 2637514.81711093 0.111721711778377 0.0371201351608817 0.28125 0.168638748937393 6.59114022428295e-11
0.731410764879145 2636121.84657949 0.110017517603506 0.0360737973534785 0.28125 0.166895664093482 4.12252640710738e-11
0.736319561958871 2634730.27209842 0.108328221690109 0.0350497075936514 0.28125 0.165159637717093 2.54787458623292e-11
0.741228359038597 2633339.44825457 0.106653427162026 0.0340473420219931 0.28125 0.163430311994917 1.55380609328317e-11
0.746137156118323 2631948.52169786 0.104992613071247 0.0330661175323164 0.28125 0.161707406195893 9.35899874679571e-12
0.751045953198048 2630556.39808162 0.103345116112671 0.0321053873620814 0.28125 0.159989954835416 5.55155257052779e-12
0.755954750277774 2629158.72451271 0.101708188118178 0.0311633489054644 0.28125 0.15827531287548 3.24353368363512e-12
0.7608635473575 2627756.32103151 0.100082493534299 0.0302401802660862 0.28125 0.156564175932744 1.86322224772549e-12
0.765772344437226 2626354.58971653 0.0984715928513363 0.0293376292826617 0.28125 0.154860342806693 1.05240532404379e-12
0.770681141516952 2624961.99678181 0.0968808656742879 0.0284583218753842 0.25 0.153170347975651 5.85854752522991e-13
0.775589938596678 2623583.09882923 0.0953130620636614 0.0276033220932255 0.25 0.151497198292984 3.20653467766801e-13
0.780498735676403 2622212.89523914 0.0937648992874338 0.0267704392200072 0.25 0.149837541229724 1.72751918703087e-13
0.785407532756129 2620838.33917213 0.0922282448937119 0.0259550633430389 0.21875 0.148182566353552 9.08799550710119e-14
0.790316329835855 2619455.80674913 0.0907009920662858 0.0251559128706706 0.21875 0.146529573843893 4.67202432798802e-14
0.795225126915581 2618074.4242228 0.0891888237668738 0.0243756914297156 0.21875 0.144885239405033 2.33697679463272e-14
0.800133923995307 2616694.04282636 0.0876916644212136 0.0236140770641609 0.21875 0.143249077611405 1.13641240266183e-14
0.805042721075032 2615315.28288792 0.0862098956594876 0.0228709743581455 0.21875 0.141621672144202 5.33991050608444e-15
0.809951518154758 2613937.09092771 0.084742900470681 0.0221457974933588 0.21875 0.140002397682124 2.41787201038154e-15
0.814860315234484 2612559.97912102 0.0832909938175659 0.0214384211954825 0.21875 0.138392088271053 9.56083640623532e-16
0.81976911231421 2611183.68048666 0.0818540284996552 0.0207484964905183 0.21875 0.136790124370092 3.21392778355997e-16
0.824677909393936 2609807.4117129 0.0804315676899557 0.0200755476367157 0.21875 0.13519557029605 2.54603070000938e-17
0.829586706473662 2608430.44005129 0.0790232162930358 0.0194191299104403 0.21875 0.133608301403598 -6.35007435864262e-17
0.834495503553387 2607050.75844843 0.0776278788244053 0.0187784985547651 0.21875 0.132027071769797 -1.71528112194749e-16
0.839404300633113 2605669.64367368 0.0762463253502859 0.0181537581810621 0.21875 0.130452571872512 -1.51460445396625e-16
0.844313097712839 2604280.66094579 0.0748750506695912 0.0175431318585705 0.21875 0.128881182129735 -1.2983941713971e-16
0.849221894792565 2602803.41364777 0.0734703279904292 0.0169276371185859 0.21875 0.127261171198564 -1.44658246954874e-16
0.854130691872291 2601409.15236563 0.0721262510262452 0.0163478273703441 0.21875 0.125702604214768 -6.13141305801604e-17
0.859039488952016 2600061.27280011 0.0708225315019613 0.0158032941579933 0.21875 0.124136799536621 -1.3764139014175e-16
0.863948286031742 2598749.29044172 0.0695534684075588 0.0152862957210417 0.21875 0.122580737798447 -1.29020545904013e-16
0.868857083111468 2597430.04668447 0.0682954525655225 0.0147803381657871 0.21875 0.12103389178942 -1.4694754972421e-16
0.873765880191194 2596060.55972976 0.0670261465492351 0.0142766260597743 0.21875 0.119467630237432 -1.03373985335278e-16
0.87867467727092 2594676.66346834 0.0657645630957111 0.0137830324933585 0.21875 0.117908594813058 -1.34660849308433e-16
0.883583474350645 2593292.33792775 0.0645186366183026 0.0133037116288516 0.21875 0.116356201112365 -1.23643136605735e-16
0.888492271430371 2591921.11194064 0.0632957467832367 0.0128416689262949 0.21875 0.114816189489447 -1.54826082014872e-16
0.893401068510097 2590595.61517801 0.0621155493880651 0.0124069787483917 0.21875 0.113299066497963 0
0.898309865589823 2589185.2852305 0.0609065835366257 0.011965162489127 0.21875 0.111754860474553 0
0.903218662669549 2587812.64771754 0.0597306487056668 0.0115411406413694 0.21875 0.110249090083297 0
0.908127459749274 2586598.91524234 0.0586448647131648 0.0111551416874177 0.21875 0.108854194963767 0
0.913036256829 2585260.25847412 0.0575142988904192 0.0107594831691179 0.21875 0.107394282143943 0
0.917945053908726 2583927.36349063 0.0564011238994853 0.0103759416621152 0.21875 0.105949295226623 0
0.922853850988452 2582600.10986925 0.0553051179483074 0.0100042187911555 0.21875 0.104519920559496 0
0.927762648068178 2581287.3050038 0.0542294106240712 0.00964481791093476 0.21875 0.10311087090937 0
0.932671445147903 2579950.91830122 0.0531555691417875 0.0092910437541369 0.21875 0.101704657244924 0
0.937580242227629 2578671.49788837 0.0521213058717617 0.00895591262886041 0.1875 0.100339106181324 0
0.942489039307355 2577341.0679498 0.0510764312656292 0.00862221806339335 0.1875 0.0989604356972319 0
0.947397836387081 2576033.69758734 0.050059371210979 0.00830409695926776 0.1875 0.097598431299285 0
0.952306633466807 2574730.67314176 0.049058688882817 0.00799646898191792 0.1875 0.0962507559058138 -1.52048571224437e-16
0.957215430546532 2573428.83890479 0.0480730604610621 0.00769871268102236 0.1875 0.0949142025715632 0
0.962124227626258 2572155.44703445 0.0471174384159946 0.00741600388635987 0.1875 0.0936031931910671 0
0.967033024705984 2570848.42983184 0.0461552513022061 0.00713443872160584 0.1875 0.0922883429734076 0
0.97194182178571 2569522.92093738 0.0452119348848619 0.00686445538722493 0.1875 0.0909793544103867 0
0.976850618865436 2568216.31411267 0.0442975239464057 0.00660571877868742 0.1875 0.0897171570864339 0
0.981759415945161 2566873.90731879 0.0433831305476968 0.0063517177855946 0.1875 0.0884450453940702 0
0.986668213024887 2565532.52166038 0.0424785222964431 0.00610413519285018 0.1875 0.0871876806152164 0
0.991577010104613 2564208.14472237 0.0415989984402377 0.00586870662393372 0.1875 0.0859444307670273 0
0.996485807184339 2562898.9797569 0.0407427506372386 0.00564430173191185 0.1875 0.0847213828418877 0
1.00139460426406 2561574.81991365 0.0398885550080729 0.00542350507845788 0.1875 0.0835019483734689 0
1.00630340134379 2560245.62035365 0.0390455847694509 0.0052095672998442 0.1875 0.082289913821798 0
1.01121219842352 2558902.52831895 0.0382112451932328 0.00500178552650938 0.1875 0.0810817158983869 0
1.01612099550324 2557599.80187498 0.0374014659096627 0.00480345163831117 0.1875 0.0799059278351177 0
1.02102979258297 2556304.46575564 0.0366060182850385 0.00461212223627939 0.1875 0.0787456668447797 0
1.02593858966269 2555010.1589666 0.0358229273523687 0.00442721993070398 0.1875 0.0775955230547447 0
1.03084738674242 2553715.78914726 0.0350518481320145 0.00424853405101886 0.1875 0.0764562847965286 0
1.03575618382215 2552423.03479717 0.0342932223068376 0.0040760183527701 0.1875 0.075328504094593 0
1.04066498090187 2551132.26448925 0.0335470803314812 0.00390953584437501 0.1875 0.0742105440600326 0
1.0455737779816 2549842.57491138 0.0328131667392572 0.0037489007986818 0.1875 0.073106958021857 0
1.05048257506132 2548544.82534081 0.0320894275407741 0.00359362048080377 0.15625 0.0720080998399208 0
1.05539137214105 2547262.03532698 0.0313797050564558 0.00344407656853205 0.15625 0.0709272815301484 0
1.06030016922077 2545998.65446593 0.0306877784456089 0.00330113431274005 0.15625 0.0698688685856285 0
1.0652089663005 2544709.61175632 0.0299964214502927 0.00316088736668936 0.15625 0.0688065743826993 0
1.07011776338023 2543436.93662264 0.0293244866941643 0.00302751639932017 0.15625 0.0677647231777523 0
1.07502656045995 2542088.71090267 0.028644298638139 0.00289541272508691 0.15625 0.0666983799622246 0
1.07993535753968 2540829.19783778 0.0280011683326428 0.00277299010726403 0.15625 0.065683201867742 0
1.0848441546194 2539642.74899096 0.0273797740636962 0.00265641645313725 0.15625 0.0647105292999468 0
1.08975295169913 2538348.08931747 0.0267490647860231 0.0025411278955675 0.15625 0.0637021638737128 0
1.09466174877886 2537080.97970573 0.0261265068764069 0.00242902346055926 0.15625 0.0627145097395695 0
1.09957054585858 2535834.53174123 0.0255203309611034 0.00232212945302376 0.15625 0.0617471660110298 0
1.10447934293831 2534606.58078871 0.0249394431153052 0.00222226936271221 0.15625 0.0608021622252857 0
1.10938814001803 2533365.36139555 0.0243654883723145 0.00212558428179128 0.15625 0.0598610005820446 0
1.11429693709776 2532124.43198453 0.0238023018214905 0.00203263949724062 0.140625 0.0589341720708013 0
1.11920573417748 2530883.13762324 0.0232458806178877 0.00194260977139102 0.140625 0.0580144153693933 0
1.12411453125721 2529645.46981507 0.0226995735428546 0.00185605398636613 0.125 0.0571053429856338 0
1.12902332833694 2528411.68268997 0.0221634715554109 0.00177290017089034 0.125 0.0562075379747117 0
1.13393212541666 2527179.55240827 0.0216369817295623 0.00169298052981603 0.125 0.0553206880785627 0
1.13884092249639 2525950.2288228 0.0211203491437428 0.00161623727440637 0.125 0.0544439722229238 0
1.14374971957611 2524726.87336959 0.0206141134249169 0.00154264179365611 0.125 0.05357849242942 0
1.14865851665584 2523507.17168435 0.0201172483118307 0.00147196270204424 0.125 0.0527234115152117 0
1.15356731373556 2522292.19428694 0.0196303445753592 0.00140421256681669 0.125 0.0518795723210474 0
1.15847611081529 2521059.24150851 0.0191473774680155 0.0013384724399216 0.125 0.0510367076609947 0
1.16338490789502 2519849.13020201 0.0186791592142849 0.00127619547990843 0.125 0.0502109559019604 0
1.16829370497474 2518657.10470173 0.0182233535574193 0.00121690491074652 0.125 0.0494027245098527 0
1.17320250205447 2517456.09397764 0.0177736869655563 0.00115971046883509 0.125 0.0485997759478842 0
1.17811129913419 2516245.43551213 0.0173305603338886 0.00110461678218036 0.125 0.047801971620626 0
1.18302009621392 2515013.17732178 0.0168919626081401 0.00105134459314324 0.125 0.047005332937931 0
1.18792889329365 2513727.77208712 0.0164520040911176 0.000999176383429795 0.125 0.0461989600106138 0
1.19283769037337 2512525.60793055 0.0160237301025724 0.000949431997497235 0.125 0.0454146905965533 0
1.1977464874531 2511346.773814 0.0156319429832209 0.000905280953363527 0.125 0.0446769028194111 0
1.20265528453282 2510275.8479437 0.0152452960117158 0.000862374476847372 0.125 0.0439594339689738 0
1.20756408161255 2509107.85749672 0.0148577586717034 0.000820502268253009 0.125 0.0432273020409534 0
1.21247287869227 2507914.44446509 0.0144725949026756 0.000779865368579916 0.125 0.0424925656101154 0
1.217381675772 2506726.26765056 0.0140953947609029 0.000741014471022674 0.125 0.0417684788121783 0
1.22229047285173 2505552.94999661 0.0137280156872304 0.00070408058140797 0.125 0.041056818396422 0
1.22719926993145 2504383.83758218 0.0133683154250311 0.000668786004051918 0.125 0.040353587605844 0
1.23210806701118 2503217.72470622 0.0130160265459866 0.000635054711394205 0.125 0.0396604056403055 0
1.2370168640909 2502055.15179797 0.0126712080886354 0.00060284384740592 0.125 0.0389760322351976 0
1.24192566117063 2500894.92491741 0.0123336070919932 0.000572082105863603 0.125 0.038299884898425 0
1.24683445825035 2499736.45719845 0.0120030921984222 0.000542711860603768 0.125 0.0376316409165978 0
1.25174325533008 2498580.69254376 0.011679837917612 0.000514704059349149 0.125 0.0369716610591105 0
1.25665205240981 2497431.61579914 0.0113646918150249 0.00048808700310767 0.125 0.0363231995689739 0
1.26156084948953 2496287.74501833 0.0110577849305098 0.000462825510003448 0.125 0.0356865909820923 0
1.26646964656926 2495131.69102963 0.0107548977660544 0.000438520302932029 0.125 0.0350516559453107 0
1.27137844364898 2493957.78190289 0.0104560544089955 0.000415158212108082 0.125 0.0344193385505826 0
1.27628724072871 2492775.42940694 0.0101622480560774 0.000392786812494094 0.125 0.0337923357718384 0
1.28119603780844 2491597.07949019 0.00987496680119436 0.000371484323307045 0.125 0.0331734271507336 0
1.28610483488816 2490549.40891747 0.00961017141847693 0.000352341517224569 0.125 0.0326002213421212 0
1.29101363196789 2489404.82217497 0.00933873000844657 0.000333231407912692 0.109375 0.0320059748552603 0
1.29592242904761 2488263.36711797 0.0090733929798637 0.000315045116366984 0.109375 0.0314198438878091 0
1.30083122612734 2487124.67177556 0.0088140474963207 0.000297743204545273 0.109375 0.0308416303953656 0
1.30574002320706 2485988.12683273 0.00856055069250236 0.000281285630755473 0.109375 0.0302708257590737 0
1.31064882028679 2484853.02731502 0.00831274740766213 0.000265633074353424 0.109375 0.0297083873842105 0
1.31555761736652 2483718.68454568 0.00807048151918525 0.000250747676441222 0.109375 0.0291532260871318 0
1.32046641444624 2482584.6720207 0.0078336263173222 0.000236594815936928 0.109375 0.028605040955306 0
1.32537521152597 2481451.83451097 0.00760217145683535 0.000223147637062609 0.109375 0.0280638914734288 0
1.33028400860569 2480320.3256506 0.00737604728900984 0.000210376735863047 0.109375 0.0275296633068725 0
1.33519280568542 2479229.45087803 0.0071463147513862 0.000197701912289515 0.109375 0.0269937954498793 0
1.34010160276515 2478104.68735721 0.00693067873868083 0.000186215618373811 0.109375 0.0264744782754335 0
1.34501039984487 2477078.64104326 0.0067345840759317 0.00017607963029379 0.109375 0.0259940074597065 0
1.3499191969246 2475972.38242415 0.00653081711025001 0.000165818253853635 0.109375 0.0254924108239818 0
1.35482799400432 2474870.11179806 0.00633219628502602 0.000156103057241607 0.109375 0.0250002060855594 0
1.35973679108405 2473772.01964798 0.00613863767587032 0.000146908748247309 0.109375 0.0245143805730336 0
1.36464558816377 2472678.64200508 0.00595011880640294 0.000138213895032157 0.109375 0.024035054859315 0
1.3695543852435 2471581.22413261 0.00576575114173222 0.000129959274990186 0.109375 0.0235631207196981 0
1.37446318232323 2470485.77609888 0.00558583240306256 0.000122140871067605 0.109375 0.0230962235719432 0
1.37937197940295 2469399.13380027 0.00541087521809491 0.000114763106248136 0.09375 0.0226384925137064 0
1.38428077648268 2468211.31262791 0.00522657786653782 0.000107213563864501 0.09375 0.0221547164060325 0
1.3891895735624 2467126.73523946 0.00506046066800966 0.000100639339459194 0.09375 0.0217103598160653 0
1.39409837064213 2466041.36586153 0.00489831968866574 9.44171499223663e-05 0.09375 0.0212706657547484 0
1.39900716772186 2464958.93111198 0.00474045444450278 8.85444603505678e-05 0.09375 0.0208381478874229 0
1.40391596480158 2463882.40485601 0.0045870607319759 8.30139155965665e-05 0.09375 0.0204125152049533 0
1.40882476188131 2462812.57341274 0.00443810608343604 7.78096504376952e-05 0.09375 0.0199944264825328 0
1.41373355896103 2461776.01214053 0.00430304468789602 7.32604859143696e-05 0.09375 0.0196049617712788 0
1.41864235604076 2460791.55209073 0.00416396564990295 6.86728387774273e-05 0.09375 0.0192089152429231 0
1.42355115312048 2459721.80364418 0.00402582167814439 6.42733021275432e-05 0.09375 0.0188071039221128 0
1.42845995020021 2458648.69225043 0.00389024274254154 6.00903477237063e-05 0.09375 0.0184105619290687 0
1.43336874727994 2457580.83679734 0.00375898101042539 5.61725757387233e-05 0.09375 0.0180209187801935 0
1.43827754435966 2456515.72511983 0.0036314174822007 5.24887353105585e-05 0.078125 0.017637787291498 0
1.44318634143939 2455453.06129522 0.00350741562075662 4.90245820298188e-05 0.078125 0.0172597582399636 0
1.44809513851911 2454392.67839976 0.00338687318188062 4.57676482070111e-05 0.078125 0.0168891238306186 0
1.45300393559884 2453334.4800494 0.00326970459732085 4.2706543904311e-05 0.078125 0.0165230501754805 0
1.45791273267856 2452278.39573429 0.00315583091997896 3.98305883540311e-05 0.078125 0.0161630770612814 0
1.46282152975829 2451224.37251219 0.00304517737176545 3.71296975593241e-05 0.078125 0.0158097328565463 0
1.46773032683802 2450172.36934882 0.00293767206809586 3.45943178304339e-05 0.078125 0.0154619378559858 0
1.47263912391774 2449122.35439471 0.0028332454681266 3.22153851928885e-05 0.078125 0.0151198819081887 0
1.47754792099747 2448074.30324546 0.00273182987369057 2.99842898113847e-05 0.078125 0.0147825018012022 0
1.48245671807719 2447028.20082658 0.00263336023602042 2.78928733616887e-05 0.078125 0.0144507245577509 0
1.48736551515692 2445984.05466555 0.00253777368023529 2.59333943247564e-05 0.078125 0.0141243398248962 0
1.49227431223665 2444942.00888551 0.00244501881595559 2.40986952668182e-05 0.078125 0.0138046962587358 0
1.49718310931637 2443902.52058751 0.00235507456970126 2.23825228182583e-05 0.078125 0.013489659584932 0
1.5020919063961 2442864.9087833 0.00226785696915124 2.07776439717633e-05 0.078125 0.0131807602390549 0
1.50700070347582 2441828.35448946 0.00218305919936585 1.92730319709667e-05 0.078125 0.0128756238972689 0
1.51190950055555 2440792.39446718 0.00210062578054882 1.78632253182499e-05 0.078125 0.0125748949362798 0
1.51681829763527 2439753.22279214 0.00202109627574084 1.65540674749377e-05 0.078125 0.0122802929566157 0
1.521727094715 2438665.94577398 0.00194166056723676 1.52944751717714e-05 0.078125 0.0119832246057431 0
1.52663589179473 2437637.9358462 0.00186702538102299 1.41554590715491e-05 0.078125 0.0116995309254159 0
1.53154468887445 2436613.48889665 0.00179475731039585 1.30937082924419e-05 0.078125 0.0114215688129763 0
1.53645348595418 2435594.09938662 0.00172486206276767 1.2105414894228e-05 0.078125 0.0111478003147355 0
1.5413622830339 2434497.37897326 0.00165192465514561 1.11113178556383e-05 0.078125 0.0108618450935843 0
1.54627108011363 2433593.93357324 0.00159310751363186 1.03459186967837e-05 0.078125 0.0106226889574605 0
1.55117987719336 2432575.21017476 0.00153000562246211 9.55171501476192e-06 0.0625 0.0103656251811986 0
1.55608867427308 2431550.89883972 0.00146681306611386 8.78646618459483e-06 0.0625 0.0101058638583827 0
1.56099747135281 2430428.60428789 0.00140728827321312 8.09684236431038e-06 0.0625 0.0098532950348823 0
1.56590626843253 2429483.92512463 0.0013506996696379 7.46470181910027e-06 0.0625 0.0096141317506811 0
1.57081506551226 2428487.93195132 0.00129332889563832 6.84929189414861e-06 0.0625 0.00936791500883514 0
1.57572386259198 2427465.07744046 0.00123831798466716 6.28423574614927e-06 0.0625 0.00912684036671962 0
1.58063265967171 2426472.1111018 0.00118876167548838 5.79673470083136e-06 0.0625 0.00890563212556498 0
1.58554145675144 2425423.71977116 0.00113756012749803 5.31274052516039e-06 0.0625 0.00867343656086657 0
1.59045025383116 2424377.57910625 0.00108818259646748 4.86569848768326e-06 0.0625 0.00844683316636529 0
1.59535905091089 2423357.83598592 0.00104109664205555 4.45742483182832e-06 0.0625 0.0082272704521834 0
1.60026784799061 2422371.19749988 0.000996371574659478 4.08594186832409e-06 0.046875 0.00801547469724596 0
1.60517664507034 2421406.70322944 0.000953662514689974 3.74607925197074e-06 0.046875 0.00781000894518135 0
1.61008544215006 2420442.23430511 0.000912400379845769 3.43157562402105e-06 0.046875 0.00760766756916138 0
1.61499423922979 2419352.4280636 0.000869768290117067 3.12102030995178e-06 0.046875 0.00739578670100285 0
1.61990303630952 2418484.73128143 0.000833603418295805 2.86888374758517e-06 0.046875 0.00721298676326139 0
1.62481183338924 2417435.15793222 0.000794379791404731 2.60737376500584e-06 0.046875 0.00701062424641252 0
1.62972063046897 2416452.00267272 0.000755374425867136 2.35891896965324e-06 0.046875 0.00680867743122406 0
1.63462942754869 2415520.02493239 0.000716250781766281 2.12152380831916e-06 0.046875 0.00660329751959923 0
1.63953822462842 2414490.48191034 0.000677471052777289 1.89861735622467e-06 0.046875 0.00639569019562733 0
1.64444702170815 2413425.80466443 0.000644267815553123 1.71907332593235e-06 0.046875 0.00620949552789441 0
1.64935581878787 2412549.85573033 0.000611664352414468 1.5496572827023e-06 0.046875 0.00602744228408336 0
1.6542646158676 2411584.20961728 0.000579131820425579 1.38967836364667e-06 0.046875 0.00584229550039512 0
1.65917341294732 2410606.65904151 0.000548194101247995 1.24555055614862e-06 0.046875 0.00566164428851463 0
1.66408221002705 2409524.13733141 0.000518600433792028 1.11577180758038e-06 0.046875 0.00548303968326542 0
1.66899100710677 2408596.93214388 0.000489126195501313 9.92289249816419e-07 0.046875 0.00530615581354028 0
1.6738998041865 2407573.93337043 0.000461359690764456 8.83103230934504e-07 0.046875 0.0051329254950811 0
1.67880860126623 2406669.95232528 0.000437299547256127 7.9382382499052e-07 0.046875 0.00497863259560994 0
1.68371739834595 2405712.12870529 0.000413209609217571 7.0906755159985e-07 0.046875 0.00482137948344464 0
1.68862619542568 2404682.85100192 0.000389026764009703 6.286872491602e-07 0.03125 0.0046600446614351 0
1.6935349925054 2403732.6097329 0.000367333492377451 5.60790752732844e-07 0.03125 0.00451163050635463 0
1.69844378958513 2402833.2973579 0.000347714447500074 5.02962969800899e-07 0.03125 0.00437223550483814 0
1.70335258666486 2401869.63684115 0.000327377161448704 4.45822842395292e-07 0.03125 0.00422810890438462 0
1.70826138374458 2400980.71458904 0.000309040957306724 3.97513665488924e-07 0.03125 0.00409343868018498 0
1.71317018082431 2400024.1988477 0.000291270115781193 3.53270220426705e-07 0.03125 0.00395947771479174 0
1.71807897790403 2399027.81304422 0.000272869551673084 3.10124720459357e-07 0.03125 0.00381813236391403 0
1.72298777498376 2398115.55377083 0.000256914617868622 2.75045605781549e-07 0.03125 0.00369152339527882 0
1.72789657206348 2397177.98183423 0.000241464629904137 2.4307127107727e-07 0.03125 0.00356631371828283 0
1.73280536914321 2396193.63543247 0.000226316000622039 2.13624266844209e-07 0.03125 0.00343975604785019 0
1.73771416622294 2395169.55811568 0.000211568409169904 1.86779512185407e-07 0.03125 0.00331305608619462 0
1.74262296330266 2394349.96373404 0.000198612752025658 1.64673700150128e-07 0.03125 0.0031992481349038 0
1.74753176038239 2393417.67317181 0.000184602746220164 1.42296362832875e-07 0.03125 0.00307342185037854 0
1.75244055746211 2392495.96251256 0.000171460656043246 1.22783235954728e-07 0.03125 0.00295147131987409 0
1.75734935454184 2391584.11593747 0.000159280430589295 1.0599015185296e-07 0.03125 0.00283468233890368 0
1.76225815162156 2390574.11171886 0.000146755631163451 9.00159866230991e-08 0.03125 0.00271043837552398 0
1.76716694870129 2389766.96694661 0.00013716568783744 7.86522940766754e-08 0.03125 0.0026120654112695 0
1.77207574578102 2388784.85197999 0.000126902348478634 6.7346162015273e-08 0.03125 0.00250367896060085 0
1.77698454286074 2387869.06658046 0.000117525352603477 5.77856910507958e-08 0.03125 0.00240050316469172 0
1.78189333994047 2387013.40187112 0.000108701926863323 4.94489432809748e-08 0.03125 0.00230122072132455 0
1.78680213702019 2386134.13331981 0.000100667226083231 4.24247654759469e-08 0.03125 0.00220667880231306 0
1.79171093409992 2385206.05216156 9.28871942349696e-05 3.61349954628048e-08 0.03125 0.00211243532965137 0
1.79661973117965 2384408.84936253 8.63341779101143e-05 3.12301456452017e-08 0.03125 0.00202998923776424 0
1.80152852825937 2383565.25080258 7.98287837816845e-05 2.67119471761118e-08 0.03125 0.00194522622994924 0
1.8064373253391 2382720.33977881 7.37435161044974e-05 2.28045486172842e-08 0.03125 0.00186360977836732 0
1.81134612241882 2381823.33894407 6.78114104792288e-05 1.92912362957015e-08 0.03125 0.00178049760049808 0
1.81625491949855 2380983.70137797 6.2564133337101e-05 1.64289593178809e-08 0.03125 0.00170462232275325 0
1.82116371657827 2380210.93333184 5.78489734642631e-05 1.40529910000138e-08 0.03125 0.00163387149503933 0
1.826072513658 2379355.01190027 5.32155297688086e-05 1.18978416168181e-08 0.03125 0.00156175713823068 0
1.83098131073773 2378526.87867661 4.89614668255863e-05 1.00766794706898e-08 0.03125 0.00149288425466716 0
1.83589010781745 2377683.84656064 4.49628832175868e-05 8.50326759751385e-09 0.03125 0.00142575282693543 0
1.84079890489718 2376834.38929343 4.12289908202659e-05 7.15410896929291e-09 0.03125 0.00136051989369972 0
1.8457077019769 2376063.06550536 3.78572726047958e-05 6.03503476189292e-09 0.03125 0.00129932452978375 0
1.85061649905663 2375159.98545958 3.44976708143963e-05 5.01460280557579e-09 0.03125 0.0012359383394957 0
1.85552529613636 2374362.51612329 3.15324701842169e-05 4.19219107095204e-09 0.03125 0.00117737418421228 0
1.86043409321608 2373629.64599655 2.90000241153538e-05 3.54823963499404e-09 0.03125 0.00112559424983324 0
1.86534289029581 2372825.5803765 2.64759700048461e-05 2.95956501376057e-09 0.03125 0.00107172045949698 0
1.87025168737553 2372009.57405364 2.41219869951254e-05 2.458560526661e-09 0.03125 0.0010190914327318 0
1.87516048445526 2371003.95637395 2.1981559834834e-05 2.04309308925901e-09 0.03125 0.000969290030407399 0
1.88006928153498 2369979.75953745 1.99868172565529e-05 1.69039758126969e-09 0.03125 0.000921291444959957 0
1.88497807861471 2368961.15622165 1.81467406939766e-05 1.3945550775189e-09 0.03125 0.000874598678423239 0
1.88988687569444 2367944.98682003 1.64449955039986e-05 1.14614613061567e-09 0.03125 0.000829610862651779 0
1.89479567277416 2366920.13717923 1.48771687362043e-05 9.38870035418568e-10 0.03125 0.000786065406117314 0
1.89970446985389 2365848.73870806 1.34112127498051e-05 7.64171895721543e-10 0.03125 0.000742909069306997 0
1.90461326693361 2364867.86668854 1.17130529397471e-05 5.82949686624091e-10 0.03125 0.000692052428135493 0
1.90952206401334 2363915.14458086 1.01314421442829e-05 4.36165129984242e-10 0.03125 0.000641329461026624 0
1.91443086109306 2362903.58251463 8.79283744369588e-06 3.28728410676772e-10 0.03125 0.000595286113336744 0
1.91933965817279 2362080.9433415 7.76243773293978e-06 2.56310537415873e-10 0.03125 0.000557634338057548 0
1.92424845525252 2361048.54419427 6.72198450271743e-06 1.924098984197e-10 0.03125 0.000516494673972992 0
1.92915725233224 2360219.16561745 5.89302990741893e-06 1.47926658267711e-10 0.03125 0.000482280020018538 0
1.93406604941197 2359304.0452875 5.10281623097283e-06 1.10927844717585e-10 0.03125 0.000447530882536758 0
1.93897484649169 2358510.82604205 4.49008140936516e-06 8.59708001879385e-11 0.03125 0.000418059758381386 0
1.94388364357142 2357664.80758189 3.92743287817911e-06 6.58361639317453e-11 0.03125 0.000389658205040916 0
1.94879244065115 2356825.10558687 3.42246856998836e-06 5.00382347787273e-11 0.03125 0.000362442737035697 0
1.95370123773087 2355997.47201335 2.98033208340157e-06 3.79780296961896e-11 0.03125 0.000336823942824738 0
1.9586100348106 2355180.93103089 2.59209720827273e-06 2.87543948497567e-11 0.03125 0.000312943010289413 0
1.96351883189032 2354375.50269372 2.25166844718825e-06 2.17184838694299e-11 0.03125 0.000290608202996153 0
1.96842762897005 2353581.04598438 1.95329278757298e-06 1.6360406186181e-11 0.03125 0.000269537602652492 0
1.97333642604977 2352796.93667181 1.69173190494153e-06 1.228513511018e-11 0.03125 0.000249697159714859 0
1.9782452231295 2352020.78411794 1.46336754635552e-06 9.20235349865023e-12 0.03125 0.000231444385181387 0
1.98315402020923 2351255.87746512 1.26294438673439e-06 6.86212455747785e-12 0.03125 0.000214044669302608 0
1.98806281728895 2350361.6028445 1.06271907873322e-06 4.86630809669625e-12 0.03125 0.000195349089295779 0
1.99297161436868 2349645.61536758 9.2201695697261e-07 3.66711088924172e-12 0.03125 0.000181159330358891 0
1.9978804114484 2348937.15076796 7.93542645913684e-07 2.71966661663765e-12 0.03125 0.00016743842426916 0
2.00278920852813 2348193.94834922 6.77290492804268e-07 1.98390045789592e-12 0.03125 0.000153876851893335 0
2.00769800560786 2347465.30855461 5.77107717470075e-07 1.44238707838378e-12 0.03125 0.000141346769347885 0
2.01260680268758 2346755.37248946 4.9103374468081e-07 1.04566693361857e-12 0.03125 0.000129700852090908 0
2.01751559976731 2346059.04024008 4.16890046055222e-07 7.54784807677606e-13 0.03125 0.000118908772366717 0
2.02242439684703 2345306.0502073 3.5027254639283e-07 5.33484275448269e-13 0.03125 0.000108461080449982 0
2.02733319392676 2344613.01656653 2.94246327480725e-07 3.77211427872139e-13 0.03125 9.8754514241058e-05 0
2.03224199100648 2343967.85685183 2.48550664909606e-07 2.69518208267318e-13 0.03125 9.02340349884179e-05 0
2.03715078808621 2343358.31919029 2.09786007785784e-07 1.92222411189611e-13 0.03125 8.24586047345102e-05 0
2.04205958516594 2342536.73419645 1.71997409637014e-07 1.29488494483801e-13 0.03125 7.40530353953444e-05 0
2.04696838224566 2342008.63856981 1.4448015365783e-07 9.14442269867271e-14 0.03125 6.75382943330752e-05 0
2.05187717932539 2341341.47284594 1.18977375942982e-07 6.21000213896448e-14 0.03125 6.08931741089973e-05 0
2.05678597640511 2340674.63564311 9.75131621054426e-08 4.17737889051889e-14 0.03125 5.47725709045634e-05 0
2.06169477348484 2340103.33942177 0 0 0 1.11047845572335e-08 0
2.06660357056456 2340103.402899 0 0 0 1.11844630175902e-08 0
2.07151236764429 2340103.44308493 0 0 0 1.11892496915203e-08 0
2.07642116472402 2340103.44646237 0 0 0 1.1189660527268e-08 0
2.08132996180374 2340102.94074542 0 0 0 1.11487017206726e-08 0
2.08623875888347 2340103.1806482 0 0 0 1.11694770187059e-08 0
2.09114755596319 2340103.25894579 0 0 0 1.11757111958941e-08 0
2.09605635304292 2340103.33292474 0 0 0 1.1181372958914e-08 0
2.10096515012265 2340103.38229752 0 0 0 1.11850105096519e-08 0
2.10587394720237 2340103.39174489 0 0 0 1.11857183725849e-08 0
2.1107827442821 2340103.39827428 0 0 0 1.11862172481476e-08 0
2.11569154136182 2340103.40317273 0 0 0 1.11865949015141e-08 0
2.12060033844155 2340103.40717223 0 0 0 1.11869034510879e-08 0
2.12550913552127 2340103.41050959 0 0 0 1.11871600967072e-08 0
2.130417932601 2340103.4133475 0 0 0 1.11873769425671e-08 0
2.13532672968073 2340103.41579832 0 0 0 1.11875630711404e-08 0
2.14023552676045 2340103.41787708 0 0 0 1.11877205745508e-08 0
2.14514432384018 2340103.41967987 0 0 0 1.11878560227964e-08 0
2.1500531209199 2340103.42130883 0 0 0 1.11879774951223e-08 0
2.15496191799963 2340103.42278732 0 0 0 1.11880868985984e-08 0
2.15987071507936 2340103.42413408 0 0 0 1.11881859957941e-08 0
2.16477951215908 2340103.42536536 0 0 0 1.11882757773392e-08 0
2.16968830923881 2340103.42649463 0 0 0 1.11883574391127e-08 0
2.17459710631853 2340103.42747835 0 0 0 1.11884287697754e-08 0
2.17950590339826 2340103.42824501 0 0 0 1.11884847892123e-08 0
2.18441470047798 2340103.42896394 0 0 0 1.11885369196633e-08 0
2.18932349755771 2340103.42963823 0 0 0 1.11885854698092e-08 0
2.19423229463744 2340103.43027111 0 0 0 1.1188630626092e-08 0
2.19914109171716 2340103.43086455 0 0 0 1.11886731726019e-08 0
2.20404988879689 2340103.43142313 0 0 0 1.1188712308164e-08 0
2.20895868587661 2340103.43194734 0 0 0 1.11887493668234e-08 0
2.21386748295634 2340103.4324407 0 0 0 1.11887838900832e-08 0
2.21877628003607 2340103.43290494 0 0 0 1.11888163785497e-08 0
2.22368507711579 2340103.43334248 0 0 0 1.11888467428427e-08 0
2.22859387419552 2340103.43375522 0 0 0 1.11888752088412e-08 0
2.23350267127524 2340103.43414454 0 0 0 1.11889020528306e-08 0
2.23841146835497 2340103.43451207 0 0 0 1.11889274397699e-08 0
2.24332026543469 2340103.43486009 0 0 0 1.11889511097817e-08 0
2.24822906251442 2340103.43518882 0 0 0 1.11889736068668e-08 0
2.25313785959415 2340103.43550043 0 0 0 1.11889947839712e-08 0
2.25804665667387 2340103.43579514 0 0 0 1.11890149800128e-08 0
2.2629554537536 2340103.43607557 0 0 0 1.11890338083908e-08 0
2.26786425083332 2340103.43634153 0 0 0 1.1189051750021e-08 0
2.27277304791305 2340103.43659403 0 0 0 1.11890688271849e-08 0
2.27768184499277 2340103.43683341 0 0 0 1.11890852161034e-08 0
2.2825906420725 2340103.43706241 0 0 0 1.11891005166676e-08 0
2.28749943915223 2340103.4372802 0 0 0 1.11891151238211e-08 0
2.29240823623195 2340103.43748775 0 0 0 1.11891290482364e-08 0
2.29731703331168 2340103.43768569 0 0 0 1.11891423160667e-08 0
2.3022258303914 2340103.43787486 0 0 0 1.11891550139004e-08 0
2.30713462747113 2340103.43805593 0 0 0 1.11891669848966e-08 0
2.31204342455086 2340103.43822863 0 0 0 1.11891785491057e-08 0
2.31695222163058 2340103.43839401 0 0 0 1.1189189595504e-08 0
2.32186101871031 2340103.43855256 0 0 0 1.11892001629164e-08 0
2.32676981579003 2340103.43870512 0 0 0 1.11892101470158e-08 0
2.33167861286976 2340103.43884985 0 0 0 1.11892200117801e-08 0
2.33658740994948 2340103.43899035 0 0 0 1.11892292060201e-08 0
2.34149620702921 2340103.4391248 0 0 0 1.11892381294185e-08 0
2.34640500410894 2340103.43925421 0 0 0 1.11892466700334e-08 0
2.35131380118866 2340103.43937867 0 0 0 1.11892548866589e-08 0
2.35622259826839 2340103.43949869 0 0 0 1.11892627411813e-08 0
2.36113139534811 2340103.43961355 0 0 0 1.11892704842562e-08 0
2.36604019242784 2340103.43972499 0 0 0 1.11892777990556e-08 0
2.37094898950757 2340103.43983286 0 0 0 1.1189284780805e-08 0
2.37585778658729 2340103.43993626 0 0 0 1.11892916374771e-08 0
2.38076658366702 2340103.44003638 0 0 0 1.11892982678148e-08 0
2.38567538074674 2340103.44013317 0 0 0 1.11893046090851e-08 0
2.39058417782647 2340103.44022681 0 0 0 1.11893107371331e-08 0
2.39549297490619 2340103.44031702 0 0 0 1.11893167474596e-08 0
2.40040177198592 2340103.44040471 0 0 0 1.11893224935091e-08 0
2.40531056906565 2340103.44048918 0 0 0 1.11893281735115e-08 0
2.41021936614537 2340103.440572 0 0 0 1.11893334981966e-08 0
2.4151281632251 2340103.44065213 0 0 0 1.11893386863522e-08 0
2.42003696030482 2340103.44072998 0 0 0 1.11893437140729e-08 0
2.42494575738455 2340103.44080475 0 0 0 1.11893487239558e-08 0
2.42985455446427 2340103.44087822 0 0 0 1.11893534608406e-08 0
2.434763351544 2340103.44094936 0 0 0 1.11893580974633e-08 0
2.43967214862373 2340103.44101848 0 0 0 1.11893626571091e-08 0
2.44458094570345 2340103.44108561 0 0 0 1.11893670592099e-08 0
2.44948974278318 2340103.44115126 0 0 0 1.11893713319143e-08 0
