"PARAM" "OV" "PCV1" "PCV2" "PCV3" "PCV4" "PCV5"
0 2839999.93729413 0.491302715023893 0.495967140078698 0.495967140078698 0.495967140078698 0.495967140078698
0.030060120240481 2839999.60721065 0.484019883295189 0.492424503278009 0.492424503278009 0.492424503278009 0.492424503278009
0.0601202404809619 2839999.97900792 0.474815146522653 0.487702644321361 0.487702644321361 0.487702644321361 0.487702644321361
0.0901803607214429 2836765.82211201 0.464071007547506 0.482348460302605 0.482348460302605 0.482348460302605 0.482348460302605
0.120240480961924 2825924.15592898 0.452090361264106 0.476473572570537 0.476473572570537 0.476473572570537 0.476473572570537
0.150300601202405 2815437.08021046 0.440253680145111 0.470662847977955 0.470662847977955 0.470662847977955 0.470662847977955
0.180360721442886 2804973.99531396 0.428375463399272 0.464817706392553 0.464817706392553 0.464817706392553 0.464817706392553
0.210420841683367 2794795.24733702 0.416633042374489 0.459018436234583 0.459018436234583 0.459018436234583 0.459018436234583
0.240480961923848 2784792.56224309 0.404976169263091 0.453233320966264 0.453233320966264 0.453233320966264 0.453233320966264
0.270541082164329 2774880.17989129 0.393366420859213 0.447436180360747 0.447436180360747 0.447436180360747 0.447436180360747
0.30060120240481 2765121.76996674 0.381859093735797 0.44164762428176 0.44164762428176 0.44164762428176 0.44164762428176
0.330661322645291 2755463.03436399 0.370434604641012 0.435850893413015 0.435850893413015 0.435850893413015 0.435850893413015
0.360721442885772 2745976.26370388 0.359153365406547 0.430069880814135 0.430069880814135 0.430069880814135 0.430069880814135
0.390781563126252 2736582.66004746 0.347979114312325 0.424279554744804 0.424279554744804 0.424279554744804 0.424279554744804
0.420841683366733 2727297.86711147 0.336935239518241 0.41848531864845 0.41848531864845 0.41848531864845 0.41848531864845
0.450901803607214 2718040.65143752 0.325983293184169 0.412660502014197 0.412660502014197 0.412660502014197 0.412660502014197
0.480961923847695 2709000.31321266 0.315255315920271 0.406868037406404 0.406868037406404 0.406868037406404 0.406868037406404
0.511022044088176 2700021.00373028 0.304664672434969 0.401056651186149 0.401056651186149 0.401056651186149 0.401056651186149
0.541082164328657 2691105.07313831 0.294224224666834 0.395226832734325 0.395226832734325 0.395226832734325 0.395226832734325
0.571142284569138 2682219.38563441 0.283924428509586 0.38936717137914 0.38936717137914 0.38936717137914 0.38936717137914
0.601202404809619 2673486.12923248 0.273851433008163 0.383519334259376 0.383519334259376 0.383519334259376 0.383519334259376
0.6312625250501 2664771.78342219 0.263932221322369 0.377637512287363 0.377637512287363 0.377637512287363 0.377637512287363
0.661322645290581 2656096.29888875 0.254188853594139 0.37172822502714 0.37172822502714 0.37172822502714 0.37172822502714
0.691382765531062 2647510.88702823 0.244660743990406 0.365808867850493 0.365808867850493 0.365808867850493 0.365808867850493
0.721442885771543 2638952.75564665 0.235318406348194 0.359857390053501 0.359857390053501 0.359857390053501 0.359857390053501
0.751503006012024 2630425.23645757 0.226171783507434 0.353874418194487 0.353874418194487 0.353874418194487 0.353874418194487
0.781563126252505 2621929.65079144 0.217228932333561 0.347859909079507 0.347859909079507 0.347859909079507 0.347859909079507
0.811623246492986 2613458.81993485 0.208492496004871 0.341810826239334 0.341810826239334 0.341810826239334 0.341810826239334
0.841683366733467 2604949.59675171 0.199934249152287 0.335714307909309 0.335714307909309 0.335714307909309 0.335714307909309
0.871743486973948 2596579.80406075 0.191647150907471 0.330308808000027 0.330308808000027 0.330308808000027 0.330308808000027
0.901803607214429 2588351.06778675 0.183579194117907 0.325723517855887 0.325723517855887 0.325723517855887 0.325723517855887
0.93186372745491 2580201.47432404 0.175693550299888 0.321118062514408 0.321118062514408 0.321118062514408 0.321118062514408
0.961923847695391 2572177.69461153 0.16802046760914 0.316517365855973 0.316517365855973 0.316517365855973 0.316517365855973
0.991983967935872 2564123.89098775 0.160602333998944 0.311905499334675 0.311905499334675 0.311905499334675 0.311905499334675
1.02204408817635 2555960.3318059 0.153325934160161 0.307398102849998 0.307398102849998 0.307398102849998 0.307398102849998
1.05210420841683 2548097.54884538 0.146354955266156 0.302749151896937 0.302749151896937 0.302749151896937 0.302749151896937
1.08216432865731 2540263.63171226 0.139555442640204 0.298210963733323 0.298210963733323 0.298210963733323 0.298210963733323
1.1122244488978 2532553.18760553 0.132975077925562 0.294087125522511 0.294087125522511 0.294087125522511 0.294087125522511
1.14228456913828 2525094.88199092 0.12666762557223 0.290493507133209 0.290493507133209 0.290493507133209 0.290493507133209
1.17234468937876 2517597.39601992 0.120497677768772 0.286729616966216 0.286729616966216 0.286729616966216 0.286729616966216
1.20240480961924 2510267.13150089 0.114563150761884 0.282917194707925 0.282917194707925 0.282917194707925 0.282917194707925
1.23246492985972 2503126.70591866 0.108872803854992 0.279335433283083 0.279335433283083 0.279335433283083 0.279335433283083
1.2625250501002 2496060.88368264 0.103375377037401 0.275535600719442 0.275535600719442 0.275535600719442 0.275535600719442
1.29258517034068 2489082.62120089 0.0980765723372733 0.271723888385381 0.271723888385381 0.271723888385381 0.271723888385381
1.32264529058116 2482167.360853 0.0929658217206652 0.267884974809343 0.267884974809343 0.267884974809343 0.267884974809343
1.35270541082164 2475331.42678976 0.088049185350743 0.264107493294914 0.264107493294914 0.264107493294914 0.264107493294914
1.38276553106212 2468671.17281765 0.0833617341006391 0.260270075681172 0.260270075681172 0.260270075681172 0.260270075681172
1.41282565130261 2462064.27020118 0.0788530975651064 0.256487955745965 0.256487955745965 0.256487955745965 0.256487955745965
1.44288577154309 2455453.21048024 0.0745011103356153 0.252572000952293 0.252572000952293 0.252572000952293 0.252572000952293
1.47294589178357 2449053.36953222 0.070380440500555 0.248851485638433 0.248851485638433 0.248851485638433 0.248851485638433
1.50300601202405 2442657.39922169 0.0664138315232085 0.245040340309441 0.245040340309441 0.245040340309441 0.245040340309441
1.53306613226453 2436341.86991475 0.0626250893564787 0.241270707774087 0.241270707774087 0.241270707774087 0.241270707774087
1.56312625250501 2430109.2327937 0.0590110659188555 0.23750311279347 0.23750311279347 0.23750311279347 0.23750311279347
1.59318637274549 2423911.72780401 0.0555532417530544 0.23376583494885 0.23376583494885 0.23376583494885 0.23376583494885
1.62324649298597 2417773.60367109 0.0522557078818224 0.229883302775702 0.229883302775702 0.229883302775702 0.229883302775702
1.65330661322645 2411694.88064261 0.0491145648065243 0.226233481719046 0.226233481719046 0.226233481719046 0.226233481719046
1.68336673346693 2405765.67364332 0.0461496205590809 0.222441780894529 0.222441780894529 0.222441780894529 0.222441780894529
1.71342685370741 2399838.422103 0.0433161532469628 0.218736239155131 0.218736239155131 0.218736239155131 0.218736239155131
1.7434869739479 2393954.96225809 0.0406218229315019 0.215032345694393 0.215032345694393 0.215032345694393 0.215032345694393
1.77354709418838 2388127.12275415 0.0380653974897706 0.211335164943043 0.211335164943043 0.211335164943043 0.211335164943043
1.80360721442886 2382354.79545074 0.0356423841922141 0.207655137516346 0.207655137516346 0.207655137516346 0.207655137516346
1.83366733466934 2376648.70342722 0.0333505266670122 0.204004643433054 0.204004643433054 0.204004643433054 0.204004643433054
1.86372745490982 2370682.58293207 0.0311795528096085 0.200363462184256 0.200363462184256 0.200363462184256 0.200363462184256
1.8937875751503 2363316.6713204 0.029110252256672 0.196731698681901 0.196731698681901 0.196731698681901 0.196731698681901
1.92384769539078 2356161.22041357 0.0271842690691096 0.193180493387142 0.193180493387142 0.193180493387142 0.193180493387142
1.95390781563126 2348998.54295643 0.0253550160050963 0.189611066032023 0.189611066032023 0.189611066032023 0.189611066032023
1.98396793587174 2341886.76596662 0.0236295613082849 0.186054217610856 0.186054217610856 0.186054217610856 0.186054217610856
2.01402805611222 2334737.86311547 0.0219898854869384 0.182561939771095 0.182561939771095 0.182561939771095 0.182561939771095
2.04408817635271 2327771.18606023 0.020466786258076 0.17905992774253 0.17905992774253 0.17905992774253 0.17905992774253
2.07414829659319 2320798.92258277 0.0190264028572322 0.175584041459865 0.175584041459865 0.175584041459865 0.175584041459865
2.10420841683367 2313882.64025117 0.0176742511216059 0.172133396303398 0.172133396303398 0.172133396303398 0.172133396303398
2.13426853707415 2306993.96010708 0.016402620682714 0.168709154679958 0.168709154679958 0.168709154679958 0.168709154679958
2.16432865731463 2300189.44956319 0.0152148272704703 0.165310232313213 0.165310232313213 0.165310232313213 0.165310232313213
2.19438877755511 2293368.82765399 0.0140950047821772 0.161933090348662 0.161933090348662 0.161933090348662 0.161933090348662
2.22444889779559 2286688.86887522 0.0130573702003257 0.15854066779654 0.15854066779654 0.15854066779654 0.15854066779654
2.25450901803607 2279998.8996468 0.0120814239185393 0.155233902794735 0.155233902794735 0.155233902794735 0.155233902794735
2.28456913827655 2273340.11065004 0.0111685794738654 0.151943477496851 0.151943477496851 0.151943477496851 0.151943477496851
2.31462925851703 2266707.22426017 0.0103152040221764 0.148663467260319 0.148663467260319 0.148663467260319 0.148663467260319
2.34468937875751 2260062.09031005 0.00951512327162814 0.145374808897272 0.145374808897272 0.145374808897272 0.145374808897272
2.374749498998 2253529.98054446 0.00877577569207852 0.142198826229965 0.142198826229965 0.142198826229965 0.142198826229965
2.40480961923848 2247041.37743265 0.00808794630345287 0.139079876161451 0.139079876161451 0.139079876161451 0.139079876161451
2.43486973947896 2240571.17067427 0.00744692169378121 0.135916498064711 0.135916498064711 0.135916498064711 0.135916498064711
2.46492985971944 2234119.4643949 0.00685019491916306 0.132793944877612 0.132793944877612 0.132793944877612 0.132793944877612
2.49498997995992 2227711.30372569 0.00629681912312074 0.129698321729319 0.129698321729319 0.129698321729319 0.129698321729319
2.5250501002004 2221335.53617137 0.00578350697365816 0.126632063887 0.126632063887 0.126632063887 0.126632063887
2.55511022044088 2214984.44237498 0.00530743241161936 0.123596964901659 0.123596964901659 0.123596964901659 0.123596964901659
2.58517034068136 2208659.34845732 0.00486642029711654 0.120593348316751 0.120593348316751 0.120593348316751 0.120593348316751
2.61523046092184 2202307.7682891 0.00445593002130555 0.117603635265393 0.117603635265393 0.117603635265393 0.117603635265393
2.64529058116232 2196064.97369373 0.00408009606286662 0.11467403953993 0.11467403953993 0.11467403953993 0.11467403953993
2.67535070140281 2189822.56743446 0.00373192708148602 0.11176958153639 0.11176958153639 0.11176958153639 0.11176958153639
2.70541082164329 2183600.46972302 0.00341049648531393 0.108896543651405 0.108896543651405 0.108896543651405 0.108896543651405
2.73547094188377 2177401.90082513 0.00311416880727843 0.106056587761393 0.106056587761393 0.106056587761393 0.106056587761393
2.76553106212425 2171232.37402101 0.00284143218153789 0.103249811451331 0.103249811451331 0.103249811451331 0.103249811451331
2.79559118236473 2165058.81911733 0.00258969333365304 0.100487696564097 0.100487696564097 0.100487696564097 0.100487696564097
2.82565130260521 2158924.97716488 0.00235878904025555 0.097743806479603 0.097743806479603 0.097743806479603 0.097743806479603
2.85571142284569 2152814.20332553 0.00214676724431221 0.095021766317112 0.095021766317112 0.095021766317112 0.095021766317112
2.88577154308617 2146715.38566246 0.00195202238586923 0.0923657738765038 0.0923657738765038 0.0923657738765038 0.0923657738765038
2.91583166332665 2140643.16686483 0.00177364451290833 0.0897202322635565 0.0897202322635565 0.0897202322635565 0.0897202322635565
2.94589178356713 2134579.338453 0.00161005905871098 0.0871157786799283 0.0871157786799283 0.0871157786799283 0.0871157786799283
2.97595190380762 2128517.10374078 0.00146008124306071 0.084555386713683 0.084555386713683 0.084555386713683 0.084555386713683
3.0060120240481 2122501.92638007 0.00132348113812384 0.0820073543958411 0.0820073543958411 0.0820073543958411 0.0820073543958411
3.03607214428858 2116428.09074832 0.00119756667188567 0.0794633984733225 0.0794633984733225 0.0794633984733225 0.0794633984733225
3.06613226452906 2110433.60353387 0.0010836115450493 0.07700930609237 0.07700930609237 0.07700930609237 0.07700930609237
3.09619238476954 2104411.2938922 0.000979155059378496 0.074808847182345 0.074808847182345 0.074808847182345 0.074808847182345
3.12625250501002 2098471.82974404 0.000884539466624715 0.0730548921054788 0.0730548921054788 0.0730548921054788 0.0730548921054788
3.1563126252505 2092576.20652153 0.000798373593359148 0.0714243156053918 0.0714243156053918 0.0714243156053918 0.0714243156053918
3.18637274549098 2086711.46596972 0.000719856372925578 0.0696675028178379 0.0696675028178379 0.0696675028178379 0.0696675028178379
3.21643286573146 2080904.48060063 0.00064863094406681 0.0680345048260713 0.0680345048260713 0.0680345048260713 0.0680345048260713
3.24649298597194 2075111.14322596 0.000583716366488755 0.0664064179110296 0.0664064179110296 0.0664064179110296 0.0664064179110296
3.27655310621242 2069364.23417263 0.000524876075013579 0.0648101304392644 0.0648101304392644 0.0648101304392644 0.0648101304392644
3.30661322645291 2063686.11493113 0.000471746265042292 0.0632445417625374 0.0632445417625374 0.0632445417625374 0.0632445417625374
3.33667334669339 2058091.3499629 0.000423897365090776 0.0617718934172388 0.0617718934172388 0.0617718934172388 0.0617718934172388
3.36673346693387 2052437.3538612 0.000380022952727522 0.0601962896158887 0.0601962896158887 0.0601962896158887 0.0601962896158887
3.39679358717435 2046891.74043654 0.000340745035057328 0.0587231093189887 0.0587231093189887 0.0587231093189887 0.0587231093189887
3.42685370741483 2041364.94241898 0.000305174590366444 0.0572611441670434 0.0572611441670434 0.0572611441670434 0.0572611441670434
3.45691382765531 2035848.58638269 0.000272965497131165 0.0558909535503074 0.0558909535503074 0.0558909535503074 0.0558909535503074
3.48697394789579 2030394.96866982 0.000244040827923047 0.054474333483202 0.054474333483202 0.054474333483202 0.054474333483202
3.51703406813627 2025016.9802987 0.00021812901520919 0.0530705633714555 0.0530705633714555 0.0530705633714555 0.0530705633714555
3.54709418837675 2019622.76149901 0.000194638275322742 0.0516448108739467 0.0516448108739467 0.0516448108739467 0.0516448108739467
3.57715430861723 2014303.34814251 0.000173638802626726 0.0503224008593664 0.0503224008593664 0.0503224008593664 0.0503224008593664
3.60721442885772 2009006.71899134 0.000154741650027165 0.0490162800603097 0.0490162800603097 0.0490162800603097 0.0490162800603097
3.6372745490982 2003730.56172581 0.000137750324264424 0.0477267998801372 0.0477267998801372 0.0477267998801372 0.0477267998801372
3.66733466933868 1998491.35675329 0.000122525314939881 0.0464597490161272 0.0464597490161272 0.0464597490161272 0.0464597490161272
3.69739478957916 1993290.43455779 0.000108898462353015 0.045215110934828 0.045215110934828 0.045215110934828 0.045215110934828
3.72745490981964 1988116.60235373 9.66940534860639e-05 0.0439902782174157 0.0439902782174157 0.0439902782174157 0.0439902782174157
3.75751503006012 1982971.3138593 8.57774822704106e-05 0.0427850639532887 0.0427850639532887 0.0427850639532887 0.0427850639532887
3.7875751503006 1977860.11500495 7.60306595227764e-05 0.0416044738103442 0.0416044738103442 0.0416044738103442 0.0416044738103442
3.81763527054108 1972787.71775025 6.73423592074987e-05 0.040455136816235 0.040455136816235 0.040455136816235 0.040455136816235
3.84769539078156 1967748.75295948 5.95984251740033e-05 0.0393293925483839 0.0393293925483839 0.0393293925483839 0.0393293925483839
3.87775551102204 1962725.55451364 5.26851113415789e-05 0.0382181259744487 0.0382181259744487 0.0382181259744487 0.0382181259744487
3.90781563126252 1957755.28756063 4.65538265937529e-05 0.0371359197216862 0.0371359197216862 0.0371359197216862 0.0371359197216862
3.93787575150301 1952808.21235402 4.10958769204548e-05 0.0360757251702854 0.0360757251702854 0.0360757251702854 0.0360757251702854
3.96793587174349 1947881.56106193 3.6240528048098e-05 0.0350369287225397 0.0350369287225397 0.0350369287225397 0.0350369287225397
3.99799599198397 1942980.205386 3.19291368217726e-05 0.034019051988826 0.034019051988826 0.034019051988826 0.034019051988826
4.02805611222445 1938108.74299326 2.81073042454368e-05 0.0330221235661189 0.0330221235661189 0.0330221235661189 0.0330221235661189
4.05811623246493 1933289.76210064 2.4734090923685e-05 0.032037460293662 0.032037460293662 0.032037460293662 0.032037460293662
4.08817635270541 1928477.35264092 2.17378213379558e-05 0.031081378625553 0.031081378625553 0.031081378625553 0.031081378625553
4.11823647294589 1923687.53317599 1.90863160844842e-05 0.030147947570372 0.030147947570372 0.030147947570372 0.030147947570372
4.14829659318637 1918777.44276522 1.67445537897374e-05 0.0292297655578444 0.0292297655578444 0.0292297655578444 0.0292297655578444
4.17835671342685 1913815.34859605 1.46785310937881e-05 0.0283380899648808 0.0283380899648808 0.0283380899648808 0.0283380899648808
4.20841683366733 1908881.05630789 1.28567250719293e-05 0.0274671165605234 0.0274671165605234 0.0274671165605234 0.0274671165605234
4.23847695390782 1903951.20582631 1.12459749307891e-05 0.0266019037827229 0.0266019037827229 0.0266019037827229 0.0266019037827229
4.2685370741483 1899072.68039951 9.83408438996174e-06 0.0257725647404266 0.0257725647404266 0.0257725647404266 0.0257725647404266
4.29859719438878 1894217.79966664 8.59175091216494e-06 0.0249621077877261 0.0249621077877261 0.0249621077877261 0.0249621077877261
4.32865731462926 1889387.29005335 7.49981569708918e-06 0.0241761348402106 0.0241761348402106 0.0241761348402106 0.0241761348402106
4.35871743486974 1884575.82770893 6.54019590524913e-06 0.0234013991488776 0.0234013991488776 0.0234013991488776 0.0234013991488776
4.38877755511022 1879789.15279845 5.69852205827186e-06 0.022644864969423 0.022644864969423 0.022644864969423 0.022644864969423
4.4188376753507 1875026.02360559 4.96085052518329e-06 0.0219067452072205 0.0219067452072205 0.0219067452072205 0.0219067452072205
4.44889779559118 1870287.89630253 4.31510533097482e-06 0.0211866269199762 0.0211866269199762 0.0211866269199762 0.0211866269199762
4.47895791583166 1865571.13709349 3.7500202286688e-06 0.0204845779097182 0.0204845779097182 0.0204845779097182 0.0204845779097182
4.50901803607214 1860876.75989458 3.25609208954853e-06 0.0198001030830911 0.0198001030830911 0.0198001030830911 0.0198001030830911
4.53907815631263 1856204.40690019 2.82475147075345e-06 0.0191328828794964 0.0191328828794964 0.0191328828794964 0.0191328828794964
4.56913827655311 1851553.61650386 2.44840203840505e-06 0.0184826451109321 0.0184826451109321 0.0184826451109321 0.0184826451109321
4.59919839679359 1846923.69448005 2.1203124770954e-06 0.0178491071869313 0.0178491071869313 0.0178491071869313 0.0178491071869313
4.62925851703407 1842313.17784835 1.83450321486751e-06 0.0172319181260115 0.0172319181260115 0.0172319181260115 0.0172319181260115
4.65931863727455 1837719.31341461 1.5856604266232e-06 0.0166297702568792 0.0166297702568792 0.0166297702568792 0.0166297702568792
4.68937875751503 1833159.51887469 1.36986445844473e-06 0.0160475300839614 0.0160475300839614 0.0160475300839614 0.0160475300839614
4.71943887775551 1828606.2385853 1.18197511729873e-06 0.0154774860113891 0.0154774860113891 0.0154774860113891 0.0154774860113891
4.74949899799599 1824072.13447858 1.01894292083608e-06 0.0149223344174301 0.0149223344174301 0.0149223344174301 0.0149223344174301
4.77955911823647 1819564.62316084 8.77795405590922e-07 0.0143839502322708 0.0143839502322708 0.0143839502322708 0.0143839502322708
4.80961923847695 1815062.7920129 7.55254580527531e-07 0.0138589405596032 0.0138589405596032 0.0138589405596032 0.0138589405596032
4.83967935871743 1810627.07077372 6.50105305769626e-07 0.0133509363840815 0.0133509363840815 0.0133509363840815 0.0133509363840815
4.86973947895792 1806177.84456944 5.58608320694345e-07 0.0128553680816075 0.0128553680816075 0.0128553680816075 0.0128553680816075
4.8997995991984 1801733.7989891 4.79388247375213e-07 0.0123804788089548 0.0123804788089548 0.0123804788089548 0.0123804788089548
4.92985971943888 1797336.43379528 4.11379973099826e-07 0.0119132103101058 0.0119132103101058 0.0119132103101058 0.0119132103101058
4.95991983967936 1792935.84879448 3.52497560047182e-07 0.0114544267208702 0.0114544267208702 0.0114544267208702 0.0114544267208702
4.98997995991984 1788565.91891212 3.01895135701616e-07 0.0110183598981824 0.0110183598981824 0.0110183598981824 0.0110183598981824
5.02004008016032 1784207.39950866 2.58286878271096e-07 0.0105937788808054 0.0105937788808054 0.0105937788808054 0.0105937788808054
5.0501002004008 1779864.28517322 2.20774174325825e-07 0.0101802554110238 0.0101802554110238 0.0101802554110238 0.0101802554110238
5.08016032064128 1775533.52387332 1.8851945701034e-07 0.00977848214540179 0.00977848214540179 0.00977848214540179 0.00977848214540179
5.11022044088176 1771193.06824896 1.60706094257423e-07 0.00938362956799324 0.00938362956799324 0.00938362956799324 0.00938362956799324
5.14028056112224 1766923.77905867 1.37108533728244e-07 0.00901441889203008 0.00901441889203008 0.00901441889203008 0.00901441889203008
5.17034068136273 1762638.88913715 1.16759279747584e-07 0.00864875462661049 0.00864875462661049 0.00864875462661049 0.00864875462661049
5.20040080160321 1758393.98559026 9.9419990665757e-08 0.00829699392753978 0.00829699392753978 0.00829699392753978 0.00829699392753978
5.23046092184369 1754128.39720634 8.44815716759878e-08 0.00798125863461537 0.00798125863461537 0.00798125863461537 0.00798125863461537
5.26052104208417 1749928.19175343 7.18212293084411e-08 0.00771751419501683 0.00771751419501683 0.00771751419501683 0.00771751419501683
5.29058116232465 1745732.63726413 6.09639303276395e-08 0.007460101716792 0.007460101716792 0.007460101716792 0.007460101716792
5.32064128256513 1741545.66694093 5.1674147042396e-08 0.00721009226518488 0.00721009226518488 0.00721009226518488 0.00721009226518488
5.35070140280561 1737398.10827055 4.37825936159168e-08 0.00696636329344009 0.00696636329344009 0.00696636329344009 0.00696636329344009
5.38076152304609 1733259.6625846 3.70441323270235e-08 0.00673044280370963 0.00673044280370963 0.00673044280370963 0.00673044280370963
5.41082164328657 1729156.98598977 3.13273343983931e-08 0.00649527583943155 0.00649527583943155 0.00649527583943155 0.00649527583943155
5.44088176352705 1725096.7359144 2.64863198554327e-08 0.00627484375730722 0.00627484375730722 0.00627484375730722 0.00627484375730722
5.47094188376753 1721039.02286801 2.23571988195507e-08 0.00606583018923561 0.00606583018923561 0.00606583018923561 0.00606583018923561
5.50100200400802 1717034.50771879 1.88750337326305e-08 0.00585216100683625 0.00585216100683625 0.00585216100683625 0.00585216100683625
5.5310621242485 1713040.73655027 1.59142866876859e-08 0.00565108670490669 0.00565108670490669 0.00565108670490669 0.00565108670490669
5.56112224448898 1709061.62856762 1.34021662962691e-08 0.00545477181361159 0.00545477181361159 0.00545477181361159 0.00545477181361159
5.59118236472946 1705104.50766334 1.12763256457714e-08 0.00526391108699775 0.00526391108699775 0.00526391108699775 0.00526391108699775
5.62124248496994 1701170.04282418 9.4793596965715e-09 0.00507891664659724 0.00507891664659724 0.00507891664659724 0.00507891664659724
5.65130260521042 1697257.98934459 7.96175543995268e-09 0.00489960445738683 0.00489960445738683 0.00489960445738683 0.00489960445738683
5.6813627254509 1693368.09998358 6.68123342184468e-09 0.00472582566776176 0.00472582566776176 0.00472582566776176 0.00472582566776176
5.71142284569138 1689500.14787028 5.60173107387765e-09 0.00455744165528222 0.00455744165528222 0.00455744165528222 0.00455744165528222
5.74148296593186 1685631.68151012 4.68846616015101e-09 0.00439185004981178 0.00439185004981178 0.00439185004981178 0.00439185004981178
5.77154308617234 1681811.31975539 3.92466103029088e-09 0.00423390132951394 0.00423390132951394 0.00423390132951394 0.00423390132951394
5.80160320641283 1678007.02449998 3.28173025303888e-09 0.00408012908738099 0.00408012908738099 0.00408012908738099 0.00408012908738099
5.83166332665331 1674225.04612864 2.74183984107188e-09 0.0039315956767204 0.0039315956767204 0.0039315956767204 0.0039315956767204
5.86172344689379 1670463.86306773 2.28874442061586e-09 0.00378793058838938 0.00378793058838938 0.00378793058838938 0.00378793058838938
5.89178356713427 1666722.89925763 1.9088060959845e-09 0.00364892620169779 0.00364892620169779 0.00364892620169779 0.00364892620169779
5.92184368737475 1663002.52479195 1.59054339777452e-09 0.00351454812412753 0.00351454812412753 0.00351454812412753 0.00351454812412753
5.95190380761523 1659302.67876511 1.32419176879549e-09 0.00338467276611237 0.00338467276611237 0.00338467276611237 0.00338467276611237
5.98196392785571 1655623.19601167 1.10148481789252e-09 0.00325917271206393 0.00325917271206393 0.00325917271206393 0.00325917271206393
6.01202404809619 1651963.96335302 9.154401988524e-10 0.00313792878426861 0.00313792878426861 0.00313792878426861 0.00313792878426861
6.04208416833667 1648324.9720059 7.60166641665175e-10 0.00302082195536359 0.00302082195536359 0.00302082195536359 0.00302082195536359
6.07214428857715 1644707.38313719 6.30726133229868e-10 0.00290671489786949 0.00290671489786949 0.00290671489786949 0.00290671489786949
6.10220440881764 1641099.68381866 5.22650123215422e-10 0.00279591254700852 0.00279591254700852 0.00279591254700852 0.00279591254700852
6.13226452905812 1637509.33280114 4.3267539222917e-10 0.00269232361473195 0.00269232361473195 0.00269232361473195 0.00269232361473195
6.1623246492986 1633972.33787208 3.58420300926916e-10 0.00259091815849195 0.00259091815849195 0.00259091815849195 0.00259091815849195
6.19238476953908 1630426.99839844 2.96291290874445e-10 0.00249194108431878 0.00249194108431878 0.00249194108431878 0.00249194108431878
6.22244488977956 1626900.99530267 2.44723552561944e-10 0.00239608727544588 0.00239608727544588 0.00239608727544588 0.00239608727544588
6.25250501002004 1623393.48131353 2.01952934145105e-10 0.0023034920121269 0.0023034920121269 0.0023034920121269 0.0023034920121269
6.28256513026052 1619904.21560596 1.66510125453239e-10 0.00221408156264185 0.00221408156264185 0.00221408156264185 0.00221408156264185
6.312625250501 1616432.89922118 1.37165374837385e-10 0.0021277541386473 0.0021277541386473 0.0021277541386473 0.0021277541386473
6.34268537074148 1612979.02448723 1.12889762994491e-10 0.00204438503878097 0.00204438503878097 0.00204438503878097 0.00204438503878097
6.37274549098196 1609543.01179656 9.28287758506423e-11 0.00196395800187966 0.00196395800187966 0.00196395800187966 0.00196395800187966
6.40280561122244 1606124.63726257 7.62653721807207e-11 0.00188637630167468 0.00188637630167468 0.00188637630167468 0.00188637630167468
6.43286573146293 1602723.71791504 6.26020220730686e-11 0.0018115507987603 0.0018115507987603 0.0018115507987603 0.0018115507987603
6.46292585170341 1599340.09314883 5.13411310882314e-11 0.00173939557491714 0.00173939557491714 0.00173939557491714 0.00173939557491714
6.49298597194389 1595973.46513341 4.20683536523947e-11 0.00166980457162455 0.00166980457162455 0.00166980457162455 0.00166980457162455
6.52304609218437 1592623.95941373 3.44401128367294e-11 0.00160272049020324 0.00160272049020324 0.00160272049020324 0.00160272049020324
6.55310621242485 1589291.31274965 2.81702170436813e-11 0.00153805316820696 0.00153805316820696 0.00153805316820696 0.00153805316820696
6.58316633266533 1585975.33903281 2.30213925466619e-11 0.00147572734355804 0.00147572734355804 0.00147572734355804 0.00147572734355804
6.61322645290581 1582675.89136088 1.87970092397992e-11 0.00141566984338522 0.00141566984338522 0.00141566984338522 0.00141566984338522
6.64328657314629 1579392.82533761 1.53342204908069e-11 0.00135780944912044 0.00135780944912044 0.00135780944912044 0.00135780944912044
6.67334669338677 1576125.9606929 1.24982612561805e-11 0.00130207146489079 0.00130207146489079 0.00130207146489079 0.00130207146489079
6.70340681362725 1572875.15096144 1.01777624343102e-11 0.00124839288751577 0.00124839288751577 0.00124839288751577 0.00124839288751577
6.73346693386774 1569640.30829571 8.2807758319974e-12 0.00119670948411904 0.00119670948411904 0.00119670948411904 0.00119670948411904
6.76352705410822 1566421.31726032 6.73141407342244e-12 0.0011469599162345 0.0011469599162345 0.0011469599162345 0.0011469599162345
6.7935871743487 1563218.05098785 5.4671175159028e-12 0.00109908184752962 0.00109908184752962 0.00109908184752962 0.00109908184752962
6.82364729458918 1560030.36530979 4.43636387167039e-12 0.00105301181352838 0.00105301181352838 0.00105301181352838 0.00105301181352838
6.85370741482966 1556858.13152842 3.59677036465224e-12 0.00100869016309613 0.00100869016309613 0.00100869016309613 0.00100869016309613
6.88376753507014 1553701.22226295 2.91350130177955e-12 0.000966058768145997 0.000966058768145997 0.000966058768145997 0.000966058768145997
6.91382765531062 1550559.51115713 2.35795125359766e-12 0.0009250609946142 0.0009250609946142 0.0009250609946142 0.0009250609946142
6.9438877755511 1547432.85737301 1.90665135599701e-12 0.000885640495313207 0.000885640495313207 0.000885640495313207 0.000885640495313207
6.97394789579158 1544321.12767836 1.54036807634721e-12 0.0008477425608253 0.0008477425608253 0.0008477425608253 0.0008477425608253
7.00400801603206 1541224.20535791 1.24335392264918e-12 0.00081131667847623 0.00081131667847623 0.00081131667847623 0.00081131667847623
7.03406813627255 1538141.96349394 1.00272549467842e-12 0.000776312182715982 0.000776312182715982 0.000776312182715982 0.000776312182715982
7.06412825651303 1535074.27789317 8.07953562666747e-13 0.000742679925780964 0.000742679925780964 0.000742679925780964 0.000742679925780964
7.09418837675351 1532020.82328414 6.50433033665483e-13 0.00071036580198359 0.00071036580198359 0.00071036580198359 0.00071036580198359
7.12424849699399 1528981.10948199 5.23143575612935e-13 0.000679313031172932 0.000679313031172932 0.000679313031172932 0.000679313031172932
7.15430861723447 1525955.51269847 4.20391587575651e-13 0.00064949319735115 0.00064949319735115 0.00064949319735115 0.00064949319735115
7.18436873747495 1522943.91320169 3.37521856370277e-13 0.000620862889712521 0.000620862889712521 0.000620862889712521 0.000620862889712521
7.21442885771543 1519946.19133647 2.70747506628404e-13 0.000593380027961546 0.000593380027961546 0.000593380027961546 0.000593380027961546
7.24448897795591 1516962.22697855 2.16990929040614e-13 0.000567003827661337 0.000567003827661337 0.000567003827661337 0.000567003827661337
7.27454909819639 1513991.89883531 1.73753291357926e-13 0.000541694736254568 0.000541694736254568 0.000541694736254568 0.000541694736254568
7.30460921843687 1511035.08967621 1.39007655407769e-13 0.000517414388846006 0.000517414388846006 0.000517414388846006 0.000517414388846006
7.33466933867735 1508091.68926142 1.1111140514003e-13 0.000494125321515496 0.000494125321515496 0.000494125321515496 0.000494125321515496
7.36472945891784 1505161.62028629 8.87347468290168e-14 0.000471790423778053 0.000471790423778053 0.000471790423778053 0.000471790423778053
7.39478957915832 1502244.91272076 7.08023799215779e-14 0.000450370909681767 0.000450370909681767 0.000450370909681767 0.000450370909681767
7.4248496993988 1499341.79062628 5.64456613784723e-14 0.00042982714449824 0.00042982714449824 0.00042982714449824 0.00042982714449824
7.45490981963928 1496452.77361156 4.49634972323963e-14 0.000410118583772256 0.000410118583772256 0.000410118583772256 0.000410118583772256
7.48496993987976 1493574.93013905 3.57812875512246e-14 0.000391293970970943 0.000391293970970943 0.000391293970970943 0.000391293970970943
7.51503006012024 1490707.95010529 2.84453347141781e-14 0.000373304484471951 0.000373304484471951 0.000373304484471951 0.000373304484471951
7.54509018036072 1487632.29922655 2.25370374578261e-14 0.000356417396664562 0.000356417396664562 0.000356417396664562 0.000356417396664562
7.5751503006012 1484546.19846968 1.78842587746957e-14 0.000339842446687898 0.000339842446687898 0.000339842446687898 0.000339842446687898
7.60521042084168 1481502.20706175 1.4207364586865e-14 0.000323357852955233 0.000323357852955233 0.000323357852955233 0.000323357852955233
7.63527054108216 1478443.44783868 1.12550913677504e-14 0.000308181294491475 0.000308181294491475 0.000308181294491475 0.000308181294491475
7.66533066132264 1475397.68757335 8.90833783503978e-15 0.000293657030259947 0.000293657030259947 0.000293657030259947 0.000293657030259947
7.69539078156313 1472364.83425795 7.04460687888253e-15 0.000279760059903896 0.000279760059903896 0.000279760059903896 0.000279760059903896
7.72545090180361 1469344.79420217 5.56582413689004e-15 0.000266466153244322 0.000266466153244322 0.000266466153244322 0.000266466153244322
7.75551102204409 1466337.47299751 4.39354408139646e-15 0.000253751858443484 0.000253751858443484 0.000253751858443484 0.000253751858443484
7.78557114228457 1463342.77613531 3.46508120415472e-15 0.000241594496050819 0.000241594496050819 0.000241594496050819 0.000241594496050819
7.81563126252505 1460360.60946295 2.73039122919016e-15 0.000229972145190089 0.000229972145190089 0.000229972145190089 0.000229972145190089
7.84569138276553 1457390.87941231 2.14955956998667e-15 0.000218863628302664 0.000218863628302664 0.000218863628302664 0.000218863628302664
7.87575150300601 1454433.49318186 1.6907809108471e-15 0.000208248492647848 0.000208248492647848 0.000208248492647848 0.000208248492647848
7.90581162324649 1451488.35893035 1.32873551041335e-15 0.000198106992545688 0.000198106992545688 0.000198106992545688 0.000198106992545688
7.93587174348697 1448555.38539919 1.04328557731231e-15 0.000188420066820576 0.000188420066820576 0.000188420066820576 0.000188420066820576
7.96593186372745 1445634.48240971 8.18429795807023e-16 0.000179169324236725 0.000179169324236725 0.000179169324236725 0.000179169324236725
7.99599198396794 1442725.56076102 6.41465557980338e-16 0.000170337023042902 0.000170337023042902 0.000170337023042902 0.000170337023042902
8.02605210420842 1439828.53196545 5.02318358052169e-16 0.000161906050566769 0.000161906050566769 0.000161906050566769 0.000161906050566769
8.0561122244489 1436943.30834109 3.93005537488625e-16 0.000153859906621892 0.000153859906621892 0.000153859906621892 0.000153859906621892
8.08617234468938 1434069.80312779 3.07207858458739e-16 0.000146182685528837 0.000146182685528837 0.000146182685528837 0.000146182685528837
8.11623246492986 1431207.93028819 2.39927552285615e-16 0.000138859057876968 0.000138859057876968 0.000138859057876968 0.000138859057876968
8.14629258517034 1428357.60453283 1.87215670084136e-16 0.000131874253428742 0.000131874253428742 0.000131874253428742 0.000131874253428742
8.17635270541082 1425518.75045027 1.45954999683452e-16 0.000125214086155542 0.000125214086155542 0.000125214086155542 0.000125214086155542
8.2064128256513 1422691.28881117 1.13686985093221e-16 0.000118864863415795 0.000118864863415795 0.000118864863415795 0.000118864863415795
8.23647294589178 1419875.11882555 8.84742775475182e-17 0.000112813311117357 0.000112813311117357 0.000112813311117357 0.000112813311117357
8.26653306613226 1417070.15757083 6.87919943621905e-17 0.000107046733898313 0.000107046733898313 0.000107046733898313 0.000107046733898313
8.29659318637275 1414276.32268841 5.34408635064856e-17 0.00010155291450834 0.00010155291450834 0.00010155291450834 0.00010155291450834
8.32665330661323 1411493.53196464 4.14785719062458e-17 9.63200979978423e-05 9.63200979978423e-05 9.63200979978423e-05 9.63200979978423e-05
8.35671342685371 1408721.70409918 3.21654004794533e-17 9.13369795508817e-05 9.13369795508817e-05 9.13369795508817e-05 9.13369795508817e-05
8.38677354709419 1405960.75780569 2.49212040619539e-17 8.65926872509448e-05 8.65926872509448e-05 8.65926872509448e-05 8.65926872509448e-05
8.41683366733467 1403210.61258255 1.92914123398177e-17 8.20767706991614e-05 8.20767706991614e-05 8.20767706991614e-05 8.20767706991614e-05
8.44689378757515 1400471.18807957 1.49201779493121e-17 7.77791853807093e-05 7.77791853807093e-05 7.77791853807093e-05 7.77791853807093e-05
8.47695390781563 1397742.4041235 1.15291946086555e-17 7.3690279632672e-05 7.3690279632672e-05 7.3690279632672e-05 7.3690279632672e-05
8.50701402805611 1395023.77237052 8.90068716283578e-18 6.98001255052048e-05 6.98001255052048e-05 6.98001255052048e-05 6.98001255052048e-05
8.53707414829659 1392316.03106756 6.86559790520825e-18 6.61011670337794e-05 6.61011670337794e-05 6.61011670337794e-05 6.61011670337794e-05
8.56713426853707 1389618.69302872 5.2911268035085e-18 6.25841669693064e-05 6.25841669693064e-05 6.25841669693064e-05 6.25841669693064e-05
8.59719438877756 1386931.67959041 4.07411148294286e-18 5.92409207861945e-05 5.92409207861945e-05 5.92409207861945e-05 5.92409207861945e-05
8.62725450901804 1384254.91212632 3.13424189297823e-18 5.6063554982045e-05 5.6063554982045e-05 5.6063554982045e-05 5.6063554982045e-05
8.65731462925852 1381588.31252435 2.40905600647181e-18 5.30445168776322e-05 5.30445168776322e-05 5.30445168776322e-05 5.30445168776322e-05
8.687374749499 1378931.8026329 1.85001799884261e-18 5.01765620621319e-05 5.01765620621319e-05 5.01765620621319e-05 5.01765620621319e-05
8.71743486973948 1376285.30509729 1.4194482755954e-18 4.74527454299088e-05 4.74527454299088e-05 4.74527454299088e-05 4.74527454299088e-05
8.74749498997996 1373648.74260943 1.08812205057432e-18 4.48664089632906e-05 4.48664089632906e-05 4.48664089632906e-05 4.48664089632906e-05
8.77755511022044 1371022.03821567 8.33393131971498e-19 4.24111721956874e-05 4.24111721956874e-05 4.24111721956874e-05 4.24111721956874e-05
8.80761523046092 1368405.11563412 6.37729238966656e-19 4.00809225317223e-05 4.00809225317223e-05 4.00809225317223e-05 4.00809225317223e-05
8.8376753507014 1365797.89883112 4.8756965308615e-19 3.78698048522032e-05 3.78698048522032e-05 3.78698048522032e-05 3.78698048522032e-05
8.86773547094188 1363200.31235451 3.72435217537325e-19 3.57722125464474e-05 3.57722125464474e-05 3.57722125464474e-05 3.57722125464474e-05
8.89779559118237 1360612.28124414 2.84235522173116e-19 3.37827781224366e-05 3.37827781224366e-05 3.37827781224366e-05 3.37827781224366e-05
8.92785571142285 1358034.08465078 2.16737506391295e-19 3.18966120588601e-05 3.18966120588601e-05 3.18966120588601e-05 3.18966120588601e-05
8.95791583166333 1355464.93535451 1.65115547648901e-19 3.01082823730504e-05 3.01082823730504e-05 3.01082823730504e-05 3.01082823730504e-05
8.98797595190381 1352905.12050671 1.25676702339381e-19 2.84133568242657e-05 2.84133568242657e-05 2.84133568242657e-05 2.84133568242657e-05
9.01803607214429 1350351.23249339 9.55414291372346e-20 2.67964751152278e-05 2.67964751152278e-05 2.67964751152278e-05 2.67964751152278e-05
9.04809619238477 1347812.95529256 7.26131837990455e-20 2.527190417183e-05 2.527190417183e-05 2.527190417183e-05 2.527190417183e-05
9.07815631262525 1345275.07806565 5.50904186553599e-20 2.38828074476005e-05 2.38828074476005e-05 2.38828074476005e-05 2.38828074476005e-05
9.10821643286573 1342754.7557959 4.17941833263135e-20 2.25135357922965e-05 2.25135357922965e-05 2.25135357922965e-05 2.25135357922965e-05
9.13827655310621 1340244.44240615 3.16821322546503e-20 2.12156886643958e-05 2.12156886643958e-05 2.12156886643958e-05 2.12156886643958e-05
9.16833667334669 1337743.57169869 2.39966400640672e-20 1.99851163382312e-05 1.99851163382312e-05 1.99851163382312e-05 1.99851163382312e-05
9.19839679358717 1335249.75817722 1.81560401322592e-20 1.88220585500428e-05 1.88220585500428e-05 1.88220585500428e-05 1.88220585500428e-05
9.22845691382765 1332763.46948905 1.37229850102316e-20 1.77231327270979e-05 1.77231327270979e-05 1.77231327270979e-05 1.77231327270979e-05
9.25851703406814 1330285.09714911 1.03622031910798e-20 1.66849279099818e-05 1.66849279099818e-05 1.66849279099818e-05 1.66849279099818e-05
9.28857715430862 1327814.89363114 7.81709169900685e-21 1.57041695240296e-05 1.57041695240296e-05 1.57041695240296e-05 1.57041695240296e-05
9.3186372745491 1325352.997442 5.89164508608734e-21 1.47777668420141e-05 1.47777668420141e-05 1.47777668420141e-05 1.47777668420141e-05
9.34869739478958 1322899.47027645 4.43640904752685e-21 1.39028084960872e-05 1.39028084960872e-05 1.39028084960872e-05 1.39028084960872e-05
9.37875751503006 1320454.17527473 3.33753999133736e-21 1.30765220237798e-05 1.30765220237798e-05 1.30765220237798e-05 1.30765220237798e-05
9.40881763527054 1318017.21510937 2.5085839225879e-21 1.22963588606291e-05 1.22963588606291e-05 1.22963588606291e-05 1.22963588606291e-05
9.43887775551102 1315588.64686167 1.88383758481002e-21 1.15599055502321e-05 1.15599055502321e-05 1.15599055502321e-05 1.15599055502321e-05
9.4689378757515 1313168.40209227 1.4134176558506e-21 1.08648548780584e-05 1.08648548780584e-05 1.08648548780584e-05 1.08648548780584e-05
9.49899799599198 1310756.41814437 1.05952109006812e-21 1.02090250832514e-05 1.02090250832514e-05 1.02090250832514e-05 1.02090250832514e-05
9.52905811623246 1308352.63554248 7.93525104812887e-22 9.59034947007411e-06 9.59034947007411e-06 9.59034947007411e-06 9.59034947007411e-06
9.55911823647295 1305956.99688813 5.93777471566646e-22 9.00686802149433e-06 9.00686802149433e-06 9.00686802149433e-06 9.00686802149433e-06
9.58917835671343 1303569.44655102 4.43913970422305e-22 8.45672019866523e-06 8.45672019866523e-06 8.45672019866523e-06 8.45672019866523e-06
9.61923847695391 1301189.92757635 3.31578183432819e-22 7.93813427230292e-06 7.93813427230292e-06 7.93813427230292e-06 7.93813427230292e-06
9.64929859719439 1298818.38707066 2.47448762107438e-22 7.44942480809982e-06 7.44942480809982e-06 7.44942480809982e-06 7.44942480809982e-06
9.67935871743487 1296454.77923494 1.84500406090961e-22 6.98899732052036e-06 6.98899732052036e-06 6.98899732052036e-06 6.98899732052036e-06
9.70941883767535 1294099.02200419 1.37442403006434e-22 6.55532896008525e-06 6.55532896008525e-06 6.55532896008525e-06 6.55532896008525e-06
9.73947895791583 1291750.84145103 1.02292649329952e-22 6.14695416819111e-06 6.14695416819111e-06 6.14695416819111e-06 6.14695416819111e-06
9.76953907815631 1289410.35446954 7.60636001573348e-23 5.76252258359383e-06 5.76252258359383e-06 5.76252258359383e-06 5.76252258359383e-06
9.79959919839679 1287077.49436706 5.65089680118503e-23 5.40072988917291e-06 5.40072988917291e-06 5.40072988917291e-06 5.40072988917291e-06
9.82965931863727 1284753.19249542 4.19485157160985e-23 5.05707813250121e-06 5.05707813250121e-06 5.05707813250121e-06 5.05707813250121e-06
9.85971943887776 1282435.70225255 3.11091114691799e-23 4.73712821101512e-06 4.73712821101512e-06 4.73712821101512e-06 4.73712821101512e-06
9.88977955911824 1280125.98986302 2.30506352367393e-23 4.43569261821401e-06 4.43569261821401e-06 4.43569261821401e-06 4.43569261821401e-06
9.91983967935872 1277823.83932898 1.70645185772458e-23 4.15204959661162e-06 4.15204959661162e-06 4.15204959661162e-06 4.15204959661162e-06
9.9498997995992 1275529.10033857 1.26216435567845e-23 3.88568789580296e-06 3.88568789580296e-06 3.88568789580296e-06 3.88568789580296e-06
9.97995991983968 1273241.58564041 9.32698377645015e-24 3.63542260203201e-06 3.63542260203201e-06 3.63542260203201e-06 3.63542260203201e-06
10.0100200400802 1270937.75482855 6.86607148620446e-24 3.39277875309466e-06 3.39277875309466e-06 3.39277875309466e-06 3.39277875309466e-06
10.0400801603206 1268675.06029589 5.07108236907409e-24 3.17331829255884e-06 3.17331829255884e-06 3.17331829255884e-06 3.17331829255884e-06
10.0701402805611 1266406.26483279 3.73581879832569e-24 2.96947163634264e-06 2.96947163634264e-06 2.96947163634264e-06 2.96947163634264e-06
10.1002004008016 1264161.688726 2.7555937514025e-24 2.7797415247779e-06 2.7797415247779e-06 2.7797415247779e-06 2.7797415247779e-06
10.1302605210421 1261893.79797469 2.02295352409254e-24 2.59545826967812e-06 2.59545826967812e-06 2.59545826967812e-06 2.59545826967812e-06
10.1603206412826 1259637.38416609 1.48457105421179e-24 2.41404730291078e-06 2.41404730291078e-06 2.41404730291078e-06 2.41404730291078e-06
10.190380761523 1257399.93325569 1.0901456574392e-24 2.26780283846843e-06 2.26780283846843e-06 2.26780283846843e-06 2.26780283846843e-06
10.2204408817635 1255193.17521684 8.02260296837971e-25 2.11361451674996e-06 2.11361451674996e-06 2.11361451674996e-06 2.11361451674996e-06
10.250501002004 1252976.02184508 5.88563611339629e-25 1.97041202266e-06 1.97041202266e-06 1.97041202266e-06 1.97041202266e-06
10.2805611222445 1250754.26002646 4.30755510230979e-25 1.8384420913859e-06 1.8384420913859e-06 1.8384420913859e-06 1.8384420913859e-06
10.310621242485 1248549.3833371 3.15394834962909e-25 1.71476926981084e-06 1.71476926981084e-06 1.71476926981084e-06 1.71476926981084e-06
10.3406813627255 1246347.35653029 2.30602787990672e-25 1.59878307031518e-06 1.59878307031518e-06 1.59878307031518e-06 1.59878307031518e-06
10.3707414829659 1244150.48891094 1.68420154690241e-25 1.49013304133217e-06 1.49013304133217e-06 1.49013304133217e-06 1.49013304133217e-06
10.4008016032064 1241960.0837818 1.22891148471653e-25 1.38842488567971e-06 1.38842488567971e-06 1.38842488567971e-06 1.38842488567971e-06
10.4308617234469 1239777.77147773 8.96072484982031e-26 1.29333617400692e-06 1.29333617400692e-06 1.29333617400692e-06 1.29333617400692e-06
10.4609218436874 1237602.02482476 6.52792303377629e-26 1.20438919553476e-06 1.20438919553476e-06 1.20438919553476e-06 1.20438919553476e-06
10.4909819639279 1235432.68819169 4.75126808702482e-26 1.12121168969102e-06 1.12121168969102e-06 1.12121168969102e-06 1.12121168969102e-06
10.5210420841683 1233269.74779061 3.45500249712834e-26 1.0434539029754e-06 1.0434539029754e-06 1.0434539029754e-06 1.0434539029754e-06
10.5511022044088 1231113.19257186 2.51011372712588e-26 9.70786333629333e-07 9.70786333629333e-07 9.70786333629333e-07 9.70786333629333e-07
10.5811623246493 1228962.99869914 1.8219890857869e-26 9.02897699236015e-07 9.02897699236015e-07 9.02897699236015e-07 9.02897699236015e-07
10.6112224448898 1226819.14178508 1.32131569910065e-26 8.39493467175005e-07 8.39493467175005e-07 8.39493467175005e-07 8.39493467175005e-07
10.6412825651303 1224681.59531414 9.57363489652091e-27 7.80295477158287e-07 7.80295477158287e-07 7.80295477158287e-07 7.80295477158287e-07
10.6713426853707 1222550.305258 6.93036090077161e-27 7.25042523064945e-07 7.25042523064945e-07 7.25042523064945e-07 7.25042523064945e-07
10.7014028056112 1220425.18075274 5.01233974296429e-27 6.73488959208165e-07 6.73488959208165e-07 6.73488959208165e-07 6.73488959208165e-07
10.7314629258517 1218306.28301643 3.62190659944939e-27 6.25399978834184e-07 6.25399978834184e-07 6.25399978834184e-07 6.25399978834184e-07
10.7615230460922 1216193.57324748 2.61484722514758e-27 5.80557123663146e-07 5.80557123663146e-07 5.80557123663146e-07 5.80557123663146e-07
10.7915831663327 1214087.06475409 1.88612847660729e-27 5.38752166741755e-07 5.38752166741755e-07 5.38752166741755e-07 5.38752166741755e-07
10.8216432865731 1211986.60596145 1.35926802786142e-27 4.99798194784372e-07 4.99798194784372e-07 4.99798194784372e-07 4.99798194784372e-07
10.8517034068136 1209892.19748289 9.78702011242616e-28 4.63509881836964e-07 4.63509881836964e-07 4.63509881836964e-07 4.63509881836964e-07
10.8817635270541 1207803.69681562 7.04045635247514e-28 4.29715915949378e-07 4.29715915949378e-07 4.29715915949378e-07 4.29715915949378e-07
10.9118236472946 1205721.13156782 5.06011565733274e-28 3.98254666209102e-07 3.98254666209102e-07 3.98254666209102e-07 3.98254666209102e-07
10.9418837675351 1203644.45690673 3.63353254516414e-28 3.68974708959844e-07 3.68974708959844e-07 3.68974708959844e-07 3.68974708959844e-07
10.9719438877756 1201573.62548565 2.60679047411829e-28 3.41733829935292e-07 3.41733829935292e-07 3.41733829935292e-07 3.41733829935292e-07
11.002004008016 1199508.58709852 1.8684906151103e-28 3.16398698883213e-07 3.16398698883213e-07 3.16398698883213e-07 3.16398698883213e-07
11.0320641282565 1197449.35389118 1.33809486467534e-28 2.9284516419482e-07 2.9284516419482e-07 2.9284516419482e-07 2.9284516419482e-07
11.062124248497 1195396.26873792 9.57457920832118e-29 2.70932114875647e-07 2.70932114875647e-07 2.70932114875647e-07 2.70932114875647e-07
11.0921843687375 1193348.7686959 6.84469868686189e-29 2.50545801806191e-07 2.50545801806191e-07 2.50545801806191e-07 2.50545801806191e-07
11.122244488978 1191305.62139331 4.8877538177508e-29 2.3157740637334e-07 2.3157740637334e-07 2.3157740637334e-07 2.3157740637334e-07
11.1523046092184 1189267.21381409 3.48668099530984e-29 2.13950347350629e-07 2.13950347350629e-07 2.13950347350629e-07 2.13950347350629e-07
11.1823647294589 1187238.01564458 2.48640885779497e-29 1.97726043648902e-07 1.97726043648902e-07 1.97726043648902e-07 1.97726043648902e-07
11.2124248496994 1185215.05778148 1.7717055693103e-29 1.82745974352079e-07 1.82745974352079e-07 1.82745974352079e-07 1.82745974352079e-07
11.2424849699399 1183177.55881387 1.25725307942376e-29 1.68952590044384e-07 1.68952590044384e-07 1.68952590044384e-07 1.68952590044384e-07
11.2725450901804 1181173.23598212 8.95351219156726e-30 1.56002684391827e-07 1.56002684391827e-07 1.56002684391827e-07 1.56002684391827e-07
11.3026052104208 1179165.29126995 6.36123276891914e-30 1.43854447538117e-07 1.43854447538117e-07 1.43854447538117e-07 1.43854447538117e-07
11.3326653306613 1177169.29365331 4.52027189254094e-30 1.32575981382538e-07 1.32575981382538e-07 1.32575981382538e-07 1.32575981382538e-07
11.3627254509018 1175171.58445447 3.20551590937431e-30 1.22237831415944e-07 1.22237831415944e-07 1.22237831415944e-07 1.22237831415944e-07
11.3927855711423 1173179.1762742 2.27111455585765e-30 1.12653561988651e-07 1.12653561988651e-07 1.12653561988651e-07 1.12653561988651e-07
11.4228456913828 1171191.77297612 1.60756666838988e-30 1.03798979973668e-07 1.03798979973668e-07 1.03798979973668e-07 1.03798979973668e-07
11.4529058116232 1169208.38990565 1.13662815235288e-30 9.5627655295883e-08 9.5627655295883e-08 9.5627655295883e-08 9.5627655295883e-08
11.4829659318637 1167229.65727474 8.02850021992286e-31 8.80523150691907e-08 8.80523150691907e-08 8.80523150691907e-08 8.80523150691907e-08
11.5130260521042 1165252.69878156 5.66248680944197e-31 8.10240417889674e-08 8.10240417889674e-08 8.10240417889674e-08 8.10240417889674e-08
11.5430861723447 1163281.36615693 3.9904718574272e-31 7.42937586070991e-08 7.42937586070991e-08 7.42937586070991e-08 7.42937586070991e-08
11.5731462925852 1161333.47250046 2.81839711795973e-31 6.85445912302067e-08 6.85445912302067e-08 6.85445912302067e-08 6.85445912302067e-08
11.6032064128257 1159372.51855821 1.98265445627546e-31 6.30534464403095e-08 6.30534464403095e-08 6.30534464403095e-08 6.30534464403095e-08
11.6332665330661 1157426.36775417 1.3958283023682e-31 5.79337634064671e-08 5.79337634064671e-08 5.79337634064671e-08 5.79337634064671e-08
11.6633266533066 1155470.52525085 9.79302760098105e-32 5.33225307267757e-08 5.33225307267757e-08 5.33225307267757e-08 5.33225307267757e-08
11.6933867735471 1153524.22684137 6.86989930397959e-32 4.8977429800411e-08 4.8977429800411e-08 4.8977429800411e-08 4.8977429800411e-08
11.7234468937876 1151596.59995656 4.82659279540145e-32 4.4906531243147e-08 4.4906531243147e-08 4.4906531243147e-08 4.4906531243147e-08
11.7535070140281 1149671.913487 3.38685617282477e-32 4.1149394941359e-08 4.1149394941359e-08 4.1149394941359e-08 4.1149394941359e-08
11.7835671342685 1147719.22401128 2.3605490370543e-32 3.77056034267931e-08 3.77056034267931e-08 3.77056034267931e-08 3.77056034267931e-08
11.813627254509 1145813.83918054 1.65628453800462e-32 3.45833914806271e-08 3.45833914806271e-08 3.45833914806271e-08 3.45833914806271e-08
11.8436873747495 1143908.19966288 1.16006551964729e-32 3.1720529736366e-08 3.1720529736366e-08 3.1720529736366e-08 3.1720529736366e-08
11.87374749499 1141996.16875585 8.10151081939346e-33 2.90580418985077e-08 2.90580418985077e-08 2.90580418985077e-08 2.90580418985077e-08
11.9038076152305 1140087.07814405 5.6508660065849e-33 2.66039877833261e-08 2.66039877833261e-08 2.66039877833261e-08 2.66039877833261e-08
11.9338677354709 1138181.10794636 3.93681249990946e-33 2.43567058989124e-08 2.43567058989124e-08 2.43567058989124e-08 2.43567058989124e-08
11.9639278557114 1136270.76002734 2.73529228526991e-33 2.25007312297148e-08 2.25007312297148e-08 2.25007312297148e-08 2.25007312297148e-08
11.9939879759519 1134398.435521 1.90989165729304e-33 2.09413236284555e-08 2.09413236284555e-08 2.09413236284555e-08 2.09413236284555e-08
12.0240480961924 1132515.52654709 1.32812263915876e-33 1.94609573077053e-08 1.94609573077053e-08 1.94609573077053e-08 1.94609573077053e-08
12.0541082164329 1130638.24103671 9.2257077699081e-34 1.80780291618687e-08 1.80780291618687e-08 1.80780291618687e-08 1.80780291618687e-08
12.0841683366733 1128767.34300469 6.4026203844802e-34 1.67901018610537e-08 1.67901018610537e-08 1.67901018610537e-08 1.67901018610537e-08
12.1142284569138 1126903.12146596 4.43955022765271e-34 1.55914808110488e-08 1.55914808110488e-08 1.55914808110488e-08 1.55914808110488e-08
12.1442885771543 1125045.40901436 3.07561850761981e-34 1.44759853395631e-08 1.44759853395631e-08 1.44759853395631e-08 1.44759853395631e-08
12.1743486973948 1123194.15572758 2.12881013042402e-34 1.34378868425102e-08 1.34378868425102e-08 1.34378868425102e-08 1.34378868425102e-08
12.2044088176353 1121349.30676917 1.47214502488213e-34 1.24720724996428e-08 1.24720724996428e-08 1.24720724996428e-08 1.24720724996428e-08
12.2344689378758 1119510.74470485 1.01710624873786e-34 1.15743534253029e-08 1.15743534253029e-08 1.15743534253029e-08 1.15743534253029e-08
12.2645290581162 1117678.5260521 7.02088149851197e-35 1.07392912612594e-08 1.07392912612594e-08 1.07392912612594e-08 1.07392912612594e-08
12.2945891783567 1115852.63554517 4.84203670521399e-35 9.96262844261934e-09 9.96262844261934e-09 9.96262844261934e-09 9.96262844261934e-09
12.3246492985972 1114033.05161513 3.33638850763611e-35 9.24041630470857e-09 9.24041630470857e-09 9.24041630470857e-09 9.24041630470857e-09
12.3547094188377 1112219.74755121 2.29687736148193e-35 8.56897304601362e-09 8.56897304601362e-09 8.56897304601362e-09 8.56897304601362e-09
12.3847695390782 1110412.68799953 1.57983391443911e-35 7.9448707530447e-09 7.9448707530447e-09 7.9448707530447e-09 7.9448707530447e-09
12.4148296593186 1108611.82608992 1.08566600160021e-35 7.36492424460122e-09 7.36492424460122e-09 7.36492424460122e-09 7.36492424460122e-09
12.4448897795591 1106817.15002947 7.45407951448481e-36 6.82603733453729e-09 6.82603733453729e-09 6.82603733453729e-09 6.82603733453729e-09
12.4749498997996 1105028.62658156 5.11334027989767e-36 6.32533876221473e-09 6.32533876221473e-09 6.32533876221473e-09 6.32533876221473e-09
12.5050100200401 1103246.17254305 3.50448075728265e-36 5.8602969094226e-09 5.8602969094226e-09 5.8602969094226e-09 5.8602969094226e-09
12.5350701402806 1101469.74050516 2.39965878141613e-36 5.42848524003237e-09 5.42848524003237e-09 5.42848524003237e-09 5.42848524003237e-09
12.565130260521 1099699.29762147 1.64165506914844e-36 5.02765289010324e-09 5.02765289010324e-09 5.02765289010324e-09 5.02765289010324e-09
12.5951903807615 1097934.82488117 1.12207518026597e-36 4.65569462075729e-09 4.65569462075729e-09 4.65569462075729e-09 4.65569462075729e-09
12.625250501002 1096176.30766073 7.6625098490552e-37 4.31061396237021e-09 4.31061396237021e-09 4.31061396237021e-09 4.31061396237021e-09
12.6553106212425 1094423.72679298 5.22793523276552e-37 3.99051487205093e-09 3.99051487205093e-09 3.99051487205093e-09 3.99051487205093e-09
12.685370741483 1092677.05679169 3.56368945387453e-37 3.69361635374485e-09 3.69361635374485e-09 3.69361635374485e-09 3.69361635374485e-09
12.7154308617234 1090936.26799969 2.42705738662201e-37 3.4182616859649e-09 3.4182616859649e-09 3.4182616859649e-09 3.4182616859649e-09
12.7454909819639 1089201.32889905 1.65146975966675e-37 3.16291572756259e-09 3.16291572756259e-09 3.16291572756259e-09 3.16291572756259e-09
12.7755511022044 1087472.20780353 1.12271985164543e-37 2.9261560462959e-09 2.9261560462959e-09 2.9261560462959e-09 2.9261560462959e-09
12.8056112224449 1085748.87350764 7.62574369436992e-38 2.70666274172074e-09 2.70666274172074e-09 2.70666274172074e-09 2.70666274172074e-09
12.8356713426854 1084031.29559915 5.17491137405856e-38 2.50320943932731e-09 2.50320943932731e-09 2.50320943932731e-09 2.50320943932731e-09
12.8657314629259 1082310.41749196 3.50163435020975e-38 2.30575033945424e-09 2.30575033945424e-09 2.30575033945424e-09 2.30575033945424e-09
12.8957915831663 1080606.10655172 2.3729217034111e-38 2.13269724181232e-09 2.13269724181232e-09 2.13269724181232e-09 2.13269724181232e-09
12.9258517034068 1078906.72553459 1.60633592135869e-38 1.97197109829416e-09 1.97197109829416e-09 1.97197109829416e-09 1.97197109829416e-09
12.9559118236473 1077212.5146792 1.08631205339174e-38 1.82282888470615e-09 1.82282888470615e-09 1.82282888470615e-09 1.82282888470615e-09
12.9859719438878 1075523.59519111 7.33925420170912e-39 1.68452610038848e-09 1.68452610038848e-09 1.68452610038848e-09 1.68452610038848e-09
13.0160320641283 1073840.02338379 4.95377334364869e-39 1.55633911979332e-09 1.55633911979332e-09 1.55633911979332e-09 1.55633911979332e-09
13.0460921843687 1072161.81911394 3.34050040370406e-39 1.43757622962699e-09 1.43757622962699e-09 1.43757622962699e-09 1.43757622962699e-09
13.0761523046092 1070488.98137827 2.25050745626302e-39 1.32758267526174e-09 1.32758267526174e-09 1.32758267526174e-09 1.32758267526174e-09
13.1062124248497 1068821.49747251 1.51476101606569e-39 1.22574245927712e-09 1.22574245927712e-09 1.22574245927712e-09 1.22574245927712e-09
13.1362725450902 1067159.34865054 1.01859872745356e-39 1.13147830395789e-09 1.13147830395789e-09 1.13147830395789e-09 1.13147830395789e-09
13.1663326653307 1065502.51402678 6.84317865835165e-40 1.04425061072827e-09 1.04425061072827e-09 1.04425061072827e-09 1.04425061072827e-09
13.1963927855711 1063850.97342078 4.59313093497659e-40 9.63555858733412e-10 9.63555858733412e-10 9.63555858733412e-10 9.63555858733412e-10
13.2264529058116 1062204.70949602 3.08004254587114e-40 8.88924710868334e-10 8.88924710868334e-10 8.88924710868334e-10 8.88924710868334e-10
13.2565130260521 1060563.70942077 2.06349183793403e-40 8.19920003151771e-10 8.19920003151771e-10 8.19920003151771e-10 8.19920003151771e-10
13.2865731462926 1058927.96595879 1.38117510365634e-40 7.56134700566448e-10 7.56134700566448e-10 7.56134700566448e-10 7.56134700566448e-10
13.3166332665331 1057307.29716769 9.25796493940803e-41 7.01446298207214e-10 7.01446298207214e-10 7.01446298207214e-10 7.01446298207214e-10
13.3466933867735 1055683.42045773 6.18750958922426e-41 6.46868106311527e-10 6.46868106311527e-10 6.46868106311527e-10 6.46868106311527e-10
13.376753507014 1054064.82402229 4.13169299103682e-41 5.96433497607547e-10 5.96433497607547e-10 5.96433497607547e-10 5.96433497607547e-10
13.4068136272545 1052451.49337153 2.75646968169181e-41 5.49835332494339e-10 5.49835332494339e-10 5.49835332494339e-10 5.49835332494339e-10
13.436873747495 1050843.39813213 1.83734600371917e-41 5.06789096192117e-10 5.06789096192117e-10 5.06789096192117e-10 5.06789096192117e-10
13.4669338677355 1049240.4956255 1.22359987034946e-41 4.6703156605312e-10 4.6703156605312e-10 4.6703156605312e-10 4.6703156605312e-10
13.496993987976 1047642.75585979 8.14138206913157e-42 4.30317985918273e-10 4.30317985918273e-10 4.30317985918273e-10 4.30317985918273e-10
13.5270541082164 1046050.14882656 5.41210928399982e-42 3.96421301180832e-10 3.96421301180832e-10 3.96421301180832e-10 3.96421301180832e-10
13.5571142284569 1044462.64464256 3.59454675173428e-42 3.65130918083729e-10 3.65130918083729e-10 3.65130918083729e-10 3.65130918083729e-10
13.5871743486974 1042880.21371206 2.38523034830875e-42 3.36251544587624e-10 3.36251544587624e-10 3.36251544587624e-10 3.36251544587624e-10
13.6172344689379 1041302.82688735 1.58133761062849e-42 3.09602112696683e-10 3.09602112696683e-10 3.09602112696683e-10 3.09602112696683e-10
13.6472945891784 1039730.45562178 1.04743352305384e-42 2.85014753345134e-10 2.85014753345134e-10 2.85014753345134e-10 2.85014753345134e-10
13.6773547094188 1038163.07206696 6.93163194590832e-43 2.62333958296409e-10 2.62333958296409e-10 2.62333958296409e-10 2.62333958296409e-10
13.7074148296593 1036600.64944998 4.58301555270149e-43 2.41415616476904e-10 2.41415616476904e-10 2.41415616476904e-10 2.41415616476904e-10
13.7374749498998 1035043.16209869 3.02742736973575e-43 2.22126248328953e-10 2.22126248328953e-10 2.22126248328953e-10 2.22126248328953e-10
13.7675350701403 1033479.69956138 1.99240260609904e-43 2.03816422862794e-10 2.03816422862794e-10 2.03816422862794e-10 2.03816422862794e-10
13.7975951903808 1031929.12223719 1.31274124058349e-43 1.87379818588121e-10 1.87379818588121e-10 1.87379818588121e-10 1.87379818588121e-10
13.8276553106212 1030383.23999009 8.64101708504147e-44 1.72237954923166e-10 1.72237954923166e-10 1.72237954923166e-10 1.72237954923166e-10
13.8577154308617 1028842.08889377 5.68251667944889e-44 1.58292703731474e-10 1.58292703731474e-10 1.58292703731474e-10 1.58292703731474e-10
13.8877755511022 1027305.67823218 3.73344839195609e-44 1.454521731447e-10 1.454521731447e-10 1.454521731447e-10 1.454521731447e-10
13.9178356713427 1025800.74274601 2.46810902381954e-44 1.34342465095572e-10 1.34342465095572e-10 1.34342465095572e-10 1.34342465095572e-10
13.9478957915832 1024277.26752891 1.62011374689985e-44 1.23468175742664e-10 1.23468175742664e-10 1.23468175742664e-10 1.23468175742664e-10
13.9779559118236 1022758.55745497 1.06251433585138e-44 1.1345456866381e-10 1.1345456866381e-10 1.1345456866381e-10 1.1345456866381e-10
14.0080160320641 1021244.5898833 6.96197052885979e-45 1.04235074977468e-10 1.04235074977468e-10 1.04235074977468e-10 1.04235074977468e-10
14.0380761523046 1019735.35741368 4.55763352780546e-45 9.57484799733875e-11 9.57484799733875e-11 9.57484799733875e-11 9.57484799733875e-11
14.0681362725451 1018230.83012929 2.98095594409862e-45 8.79379318508488e-11 8.79379318508488e-11 8.79379318508488e-11 8.79379318508488e-11
14.0981963927856 1016730.98633841 1.94796294483014e-45 8.07510092213867e-11 8.07510092213867e-11 8.07510092213867e-11 8.07510092213867e-11
14.1282565130261 1015235.80461735 1.27178840405165e-45 7.41391449377069e-11 7.41391449377069e-11 7.41391449377069e-11 7.41391449377069e-11
14.1583166332665 1013745.26393932 8.29579778160535e-46 6.80574684557951e-11 6.80574684557951e-11 6.80574684557951e-11 6.80574684557951e-11
14.188376753507 1012259.34358572 5.40643136361785e-46 6.24645016542824e-11 6.24645016542824e-11 6.24645016542824e-11 6.24645016542824e-11
14.2184368737475 1010778.02314514 3.52024270999138e-46 5.73219101975724e-11 5.73219101975724e-11 5.73219101975724e-11 5.73219101975724e-11
14.248496993988 1009301.28243166 2.29004517679558e-46 5.25942735182086e-11 5.25942735182086e-11 5.25942735182086e-11 5.25942735182086e-11
14.2785571142285 1007829.10145764 1.48841892156328e-46 4.82488772211877e-11 4.82488772211877e-11 4.82488772211877e-11 4.82488772211877e-11
14.3086172344689 1006361.46058468 9.665319110274e-47 4.42555047790024e-11 4.42555047790024e-11 4.42555047790024e-11 4.42555047790024e-11
14.3386773547094 1004898.34046654 6.27071857944284e-47 4.0586262258834e-11 4.0586262258834e-11 4.0586262258834e-11 4.0586262258834e-11
14.3687374749499 1003439.71568631 4.06469505977662e-47 3.72151591627076e-11 3.72151591627076e-11 3.72151591627076e-11 3.72151591627076e-11
14.3987975951904 1001985.56614567 2.63237804749558e-47 3.41184115111922e-11 3.41184115111922e-11 3.41184115111922e-11 3.41184115111922e-11
14.4288577154309 1000535.87433157 1.70325071743876e-47 3.12742033962625e-11 3.12742033962625e-11 3.12742033962625e-11 3.12742033962625e-11
14.4589178356713 999090.62008384 1.10108027900825e-47 2.86623391392123e-11 2.86623391392123e-11 2.86623391392123e-11 2.86623391392123e-11
14.4889779559118 997649.783077176 7.11163550299642e-48 2.62642105533961e-11 2.62642105533961e-11 2.62642105533961e-11 2.62642105533961e-11
14.5190380761523 996213.342765749 4.58912692980839e-48 2.40626749492026e-11 2.40626749492026e-11 2.40626749492026e-11 2.40626749492026e-11
14.5490981963928 994781.278395307 2.95869812189369e-48 2.2041941839916e-11 2.2041941839916e-11 2.2041941839916e-11 2.2041941839916e-11
14.5791583166333 993353.569018105 1.90581673354165e-48 2.01874675253392e-11 2.01874675253392e-11 2.01874675253392e-11 2.01874675253392e-11
14.6092184368737 991930.193660116 1.22651079510347e-48 1.84858581286619e-11 1.84858581286619e-11 1.84858581286619e-11 1.84858581286619e-11
14.6392785571142 990511.131435882 7.88626257322749e-49 1.69247792764328e-11 1.69247792764328e-11 1.69247792764328e-11 1.69247792764328e-11
14.6693386773547 989096.36186022 5.06617983893104e-49 1.54928730884597e-11 1.54928730884597e-11 1.54928730884597e-11 1.54928730884597e-11
14.6993987975952 987685.865175004 3.25161751192193e-49 1.41796806020068e-11 1.41796806020068e-11 1.41796806020068e-11 1.41796806020068e-11
14.7294589178357 986279.623489261 2.08510528849123e-49 1.29755665389713e-11 1.29755665389713e-11 1.29755665389713e-11 1.29755665389713e-11
14.7595190380762 984877.600459137 1.33586921574504e-49 1.1871379281979e-11 1.1871379281979e-11 1.1871379281979e-11 1.1871379281979e-11
14.7895791583166 983479.783669281 8.55082829716153e-50 1.08591167990501e-11 1.08591167990501e-11 1.08591167990501e-11 1.08591167990501e-11
14.8196392785571 982086.183109189 5.46845461827634e-50 9.93200100045653e-12 9.93200100045653e-12 9.93200100045653e-12 9.93200100045653e-12
14.8496993987976 980696.745656543 3.4940461822021e-50 9.08312693836319e-12 9.08312693836319e-12 9.08312693836319e-12 9.08312693836319e-12
14.8797595190381 979311.447997175 2.23048668944596e-50 8.30488638889808e-12 8.30488638889808e-12 8.30488638889808e-12 8.30488638889808e-12
14.9098196392786 977930.286416343 1.42258953428358e-50 7.59208699092625e-12 7.59208699092625e-12 7.59208699092625e-12 7.59208699092625e-12
14.939879759519 976553.232889259 9.06498859681842e-51 6.93934097658484e-12 6.93934097658484e-12 6.93934097658484e-12 6.93934097658484e-12
14.9699398797595 975180.28449442 5.77118128519955e-51 6.34171335414583e-12 6.34171335414583e-12 6.34171335414583e-12 6.34171335414583e-12
15 973811.411370623 3.6708816963498e-51 5.7946779585332e-12 5.7946779585332e-12 5.7946779585332e-12 5.7946779585332e-12
