"PARAM" "OV" "PCV"
0 2840000 0.5
0.0721442885771543 2840000 0.490791780297109
0.144288577154309 2834856.44015303 0.481316155297688
0.216432865731463 2817148.29659319 0.47160979692912
0.288577154308617 2799440.15303334 0.461655578189192
0.360721442885772 2781732.00947349 0.451450390128104
0.432865731462926 2765093.71423983 0.449386001734429
0.50501002004008 2750130.80002366 0.441440660301404
0.577154308617234 2735689.73668404 0.43363490720793
0.649298597194389 2721743.69179791 0.425968115855985
0.721442885771543 2708267.64149707 0.418439496885718
0.793587174348698 2695238.22061829 0.411048112471689
0.865731462925852 2682633.58750974 0.403792889816954
0.937875751503006 2670433.30184812 0.396672633867284
1.01002004008016 2658618.21402887 0.389686039269919
1.08216432865731 2647170.36487023 0.3828317016029
1.15430861723447 2637388.59256976 0.410903138363477
1.22645290581162 2629147.49498998 0.40467756500908
1.29859719438878 2620906.39741021 0.398373851531016
1.37074148296593 2612665.29983043 0.391992277293283
1.44288577154309 2604424.20225066 0.385533239141988
1.51503006012024 2596183.10467088 0.378997260071875
1.5871743486974 2587942.00709111 0.372384998323289
1.65931863727455 2579700.90951133 0.365697256914715
1.7314629258517 2571459.81193156 0.358934993613524
1.80360721442886 2562947.46292585 0.352058679668148
1.87575150300601 2554376.72144289 0.345096908593056
1.94789579158317 2545805.97995992 0.338059384193113
2.02004008016032 2537235.23847695 0.330947711853947
2.09218436873747 2528664.49699399 0.323763721765085
2.16432865731463 2520093.75551102 0.31650948325567
2.23647294589178 2511523.01402806 0.3091873196063
2.30861723446894 2502952.27254509 0.301799823298567
2.38076152304609 2494381.53106212 0.294349871652999
2.45290581162325 2485810.78957916 0.286840642793693
2.5250501002004 2477240.04809619 0.279275631863887
2.59719438877756 2468669.30661323 0.271658667400819
2.66933867735471 2460098.56513026 0.263993927760381
2.74148296593186 2451986.00780431 0.308356886859012
2.81362725450902 2445022.57259955 0.304102657865094
2.88577154308617 2438163.08607113 0.299891943207996
2.95791583166333 2431405.23787768 0.295724764434148
3.03006012024048 2424746.78563987 0.291601126643721
3.10220440881764 2418185.55245963 0.287521018947169
3.17434869739479 2411719.42454733 0.283484414919359
3.24649298597194 2405346.34895128 0.279491273050926
3.3186372745491 2399064.33138462 0.275541537196469
3.39078156312625 2392871.43414473 0.271635137019252
3.46292585170341 2386765.77412046 0.267771988432087
3.53507014028056 2380723.68737475 0.263866549950439
3.60721442885772 2374230.70140281 0.258046854894844
3.67935871743487 2366518.66696356 0.252285998146683
3.75150300601202 2358168.63356342 0.246552047939084
3.82364729458918 2349818.60016329 0.240805640831892
3.89579158316633 2341468.56676316 0.235049140973765
3.96793587174349 2333118.53336302 0.229285027298465
4.04008016032064 2324768.49996289 0.223515895428507
4.1122244488978 2316418.46656275 0.217744459338283
4.18436873747495 2308068.43316262 0.211973552742998
4.2565130260521 2299718.39976249 0.206206130177333
4.32865731462926 2291368.36636235 0.200445267725222
4.40080160320641 2283018.33296222 0.19469416335967
4.47294589178357 2274668.29956209 0.188956136848973
4.54509018036072 2266318.26616195 0.183234629183266
4.61723446893788 2257968.23276182 0.177533201472824
4.68937875751503 2249618.19936169 0.171855533267274
4.76152304609218 2241268.16596155 0.166205420242636
4.83366733466934 2232918.13256142 0.160586771201132
4.90581162324649 2224850.73336718 0.193152260799977
4.97795591182365 2217341.12474912 0.189816967743186
5.0501002004008 2209904.97669932 0.186521116580761
5.12224448897796 2202541.21655422 0.183264684225136
5.19438877755511 2195248.79243303 0.180047635608072
5.26653306613226 2188026.67273677 0.176869923902465
5.33867735470942 2180873.84566182 0.173731490747403
5.41082164328657 2173789.31872737 0.170632266476204
5.48296593186373 2166772.11831633 0.167572170347203
5.55511022044088 2159821.28922927 0.164551110777042
5.62725450901804 2152935.89425101 0.161568985576239
5.69939879759519 2146115.01372929 0.158625682186779
5.77154308617234 2139357.74516534 0.155721077921527
5.8436873747495 2132663.20281578 0.152855040205208
5.91583166332665 2126030.51730555 0.150027426816757
5.98797595190381 2119458.83525159 0.147238086132795
6.06012024048096 2112947.31889679 0.144486857372041
6.13226452905812 2106495.14575396 0.141773570840427
6.20440881763527 2100101.50825952 0.13909804817673
6.27655310621242 2093765.61343652 0.136460102598502
6.34869739478958 2087486.68256684 0.133859539148112
6.42084168336673 2081263.95087205 0.131296154938701
6.49298597194389 2075096.66720295 0.128769739399872
6.56513026052104 2068984.09373729 0.12628007452291
6.6372745490982 2062925.50568551 0.123826935105385
6.70941883767535 2056920.19100424 0.121410088994936
6.78156312625251 2050967.45011734 0.119029297332086
6.85370741482966 2045066.59564423 0.116684314791913
6.92585170340681 2039216.95213529 0.114374889824433
6.99799599198397 2033417.85581412 0.112100764893521
7.07014028056112 2027668.65432645 0.109861676714249
7.14228456913828 2021968.70649548 0.10765735648847
7.21442885771543 2016317.38208358 0.105487530138534
7.28657314629259 2010714.06155988 0.10335191853899
7.35871743486974 2005158.13587397 0.10125023774615
7.43086172344689 1999649.00623516 0.0991821992254011
7.50300601202405 1994186.08389735 0.0971475100761308
7.5751503006012 1988768.78994931 0.0951458732541757
7.64729458917836 1983396.55511015 0.0931769877916727
7.71943887775551 1978068.81952993 0.0912405490142141
7.79158316633267 1972785.03259512 0.0893362487552168
7.86372745490982 1967544.65273895 0.0874637755674045
7.93587174348697 1962347.14725634 0.0856228149313264
8.00801603206413 1957191.9921234 0.0838130494608244
8.08016032064128 1952078.67182129 0.0820341591053758
8.15230460921844 1947006.67916437 0.0802858213492404
8.22444889779559 1941975.51513254 0.0785677114073418
8.29659318637275 1936984.6887075 0.0768795024178267
8.3687374749499 1932033.71671306 0.0752208656312394
8.44088176352705 1927122.12365918 0.0735914705962611
8.51302605210421 1922249.44158974 0.0719909853419677
8.58517034068136 1917190.46260496 0.0704160304938069
8.65731462925852 1912158.00614226 0.0688692137148035
8.72945891783567 1907163.82836666 0.0673503670143545
8.80160320641282 1902207.49419055 0.0658591548298333
8.87374749498998 1897288.5750952 0.0643952408618284
8.94589178356713 1892406.64900729 0.0629582882362296
9.01803607214429 1887561.30017815 0.0615479596626454
9.09018036072144 1882752.11906579 0.0601639175891344
9.1623246492986 1877978.70221943 0.0588058243532348
9.23446893787575 1873240.65216675 0.057473342329282
9.30661322645291 1868537.57730352 0.0561661340720065
9.37875751503006 1863869.0917857 0.0548838624564084
9.45090180360721 1859234.81542395 0.0536261908139069
9.52304609218437 1854634.37358037 0.0523927830647689
9.59519038076152 1850067.39706762 0.0511833038468206
9.66733466933868 1845533.52205006 0.0499974186404534
9.73947895791583 1841032.3899472 0.0488347938899325
9.81162324649299 1836563.64733913 0.0476950971210266
9.88376753507014 1832126.94587403 0.0465779970549718
9.95591182364729 1827721.94217763 0.0454831637187945
10.0280561122244 1823348.29776463 0.0444102685520105
10.1002004008016 1819005.67895202 0.0433589845097295
10.1723446893788 1814693.75677416 0.0423289861621909
10.2444889779559 1810412.20689979 0.041319949790759
10.3166332665331 1806160.70955062 0.0403315534804111
10.3887775551102 1801938.94942179 0.0393634772087517
10.4609218436874 1797746.61560385 0.0384154029315876
10.5330661322645 1793583.4015065 0.0374870146651028
10.6052104208417 1789449.00478381 0.0365779985646714
10.6773547094188 1785343.12726102 0.0356880430003483
10.749498997996 1781265.4748629 0.0348168386290842
10.8216432865731 1777215.75754346 0.0339640784637039
10.8937875751503 1773193.68921728 0.0331294579386956
10.9659318637275 1769198.98769203 0.0323126749728589
11.0380761523046 1765231.37460255 0.0315134300288572
11.1102204408818 1761290.57534617 0.0307314261697236
11.1823647294589 1757376.31901932 0.0299663691123725
11.2545090180361 1753488.33835551 0.0292179672781648
11.3266533066132 1749626.36966444 0.0284859318405808
11.3987975951904 1745790.15277243 0.0277699767700523
11.4709418837675 1741979.43096395 0.0270698188760074
11.5430861723447 1738193.9509244 0.0263851778461817
11.6152304609218 1734433.46268394 0.0257157762832522
11.687374749499 1730697.71956248 0.0250613397388449
11.7595190380762 1726986.47811575 0.0244215967449766
11.8316633266533 1723299.4980824 0.0237962788429828
11.9038076152305 1719636.54233214 0.0231851206099895
11.9759519038076 1715997.37681494 0.0225878596829855
12.0480961923848 1712381.77051114 0.0220042367805503
12.1202404809619 1708789.49538259 0.0214339957222958
12.1923847695391 1705220.32632467 0.0208768834460776
12.2645290581162 1701674.04111931 0.0203326500230324
12.3366733466934 1698150.42038886 0.019801048670499
12.4088176352705 1694649.24755082 0.0192818357628783
12.4809619238477 1690864.9340412 0.0187554151835793
12.5531062124248 1686612.19493716 0.0182110131177303
12.625250501002 1682383.55226502 0.0176801353282551
12.6973947895792 1678178.80180426 0.0171625206791722
12.7695390781563 1673997.7416356 0.0166579107716858
12.8416833667335 1669840.17210866 0.0161660499862665
12.9138276553106 1665705.89581018 0.0156866855220884
12.9859719438878 1661594.7175328 0.0152195674338602
13.0581162324649 1657506.44424429 0.0147644486660912
13.1302605210421 1653440.88505736 0.0143210850848312
13.2024048096192 1649397.85119999 0.0138892355069287
13.2745490981964 1645377.15598611 0.0134686617268486
13.3466933867735 1641378.61478699 0.0130591285410946
13.4188376753507 1637402.04500288 0.0126604037702803
13.4909819639279 1633447.26603527 0.0122722582788959
13.563126252505 1629514.09925952 0.0118944659928158
13.6352705410822 1625602.36799797 0.0115268039145958
13.7074148296593 1621711.8974935 0.0111690521366066
13.7795591182365 1617842.51488351 0.0108209938520524
13.8517034068136 1613994.04917427 0.0104824153639246
13.9238476953908 1610166.3312158 0.0101531060919379
13.9959919839679 1606359.19367702 0.00983285857750102
14.0681362725451 1602572.47102142 0.00952146848677057
14.1402805611222 1598805.99948303 0.00921873461183921
14.2124248496994 1595059.61704284 0.0089244588701082
14.2845691382766 1591333.16340553 0.0086384463018958
14.3567134268537 1587626.47997666 0.0083605050663318
14.4288577154309 1583939.40984011 0.00809044643558951
14.501002004008 1580271.79773601 0.00782808478750582
14.5731462925852 1576623.49003886 0.00757323759664035
14.6452905811623 1572994.33473616 0.00732572542382439
14.7174348697395 1569384.18140724 0.0070853719042502
14.7895791583166 1565792.88120251 0.00685200373415129
14.8617234468938 1562220.28682298 0.00662545065612333
14.9338677354709 1558666.25250015 0.00640554544313592
15.0060120240481 1555130.63397615 0.00619212388128497
15.0781563126252 1551613.28848423 0.00598502475133396
15.1503006012024 1548114.07472958 0.00578408980909414
15.2224448897796 1544632.85287035 0.00558916376469056
15.2945891783567 1541169.48449907 0.00540009426076282
15.3667334669339 1537723.83262428 0.00521673184964744
15.438877755511 1534295.76165248 0.00503892996958853
15.5110220440882 1530885.13737033 0.00486654492002328
15.5831663326653 1527491.82692714 0.00469943583598726
15.6553106212425 1524115.69881765 0.00453746466168542
15.7274549098196 1520756.62286498 0.00438049612327198
15.7995991983968 1517414.47020396 0.00422839770088389
15.8717434869739 1514089.1132646 0.00408103959996992
15.9438877755511 1510780.42575589 0.00393829472195816
16.0160320641283 1507488.28264982 0.00380003863430295
16.0881763527054 1504212.5601656 0.00366614953995242
16.1603206412826 1500953.13575415 0.00353650824627596
16.2324649298597 1497709.88808285 0.00341099813349121
16.3046092184369 1494482.69702045 0.00328950512262858
16.376753507014 1491271.44362227 0.0031719176430711
16.4488977955912 1487914.91429098 0.00305812659970582
16.5210420841683 1484468.6100655 0.00294802533972287
16.5931863727455 1481038.7861125 0.0028415096190972
16.6653306613226 1477625.32450064 0.00273847756878688
16.7374749498998 1474228.1084211 0.00263882966068129
16.809619238477 1470847.02217427 0.00254246867333154
16.8817635270541 1467481.95115661 0.00244929965749486
16.9539078156313 1464132.7818477 0.00235922990152308
17.0260521042084 1460799.40179749 0.0022721688966255
17.0981963927856 1457481.69961368 0.00218802830203459
17.1703406813627 1454179.56494934 0.00210672191010279
17.2424849699399 1450892.88849069 0.00202816561135732
17.314629258517 1447621.56194499 0.00195227735953939
17.3867735470942 1444365.47802868 0.00187897713665306
17.4589178356713 1441124.53045566 0.00180818691804843
17.5310621242485 1437898.61392567 0.00173983063756252
17.6032064128256 1434687.62411297 0.00167383415274087
17.6753507014028 1431491.45765503 0.00161012521016178
17.74749498998 1428310.01214143 0.00154863341088409
17.8196392785571 1425143.186103 0.00148929017603896
17.8917835671343 1421990.87900094 0.00143202871258506
17.9639278557114 1418852.99121624 0.00137678397924561
18.0360721442886 1415729.42403917 0.00132349265264541
18.1082164328657 1412620.0796589 0.00127209309366452
18.1803607214429 1409524.86115335 0.00122252531402514
18.25250501002 1406443.67247907 0.00117473094312692
18.3246492985972 1403376.41846132 0.00112865319514554
18.3967935871743 1400323.00478428 0.00108423683640847
18.4689378757515 1397283.33798137 0.00104142815306112
18.5410821643287 1394257.32542571 0.00100017491903588
18.6132264529058 1391244.87532074 0.000960426364335899
18.685370741483 1388245.89669089 0.000922133143644595
18.7575150300601 1385260.29937248 0.000885247305271356
18.8296593186373 1382287.99400461 0.000849722260443226
18.9018036072144 1379328.89202032 0.000815512752951611
18.9739478957916 1376382.90563775 0.000782574829162481
19.0460921843687 1373449.94785147 0.000750865808397901
19.1182364729459 1370529.9324239 0.000720344253696161
19.190380761523 1367622.77387689 0.000690969942957104
19.2625250501002 1364728.38748336 0.000662703840478704
19.3346693386774 1361846.68925904 0.000635508068890475
19.4068136272545 1358977.59595442 0.000609345881488577
19.4789579158317 1356121.02504665 0.000584181634977139
19.5511022044088 1353276.89473168 0.000559980762619622
19.623246492986 1350445.12391646 0.000536709747803763
19.6953907815631 1347625.63221118 0.000514336098022893
19.7675350701403 1344818.33992171 0.000492828319276259
19.8396793587174 1342023.16804206 0.000472155890890221
19.9118236472946 1339240.038247 0.000452289240762021
19.9839679358717 1336468.87288473 0.000433199721027227
20.0561122244489 1333709.59496962 0.000414859584151637
20.1282565130261 1330962.12817516 0.000397241959447987
20.2004008016032 1328226.39682685 0.000380320830017476
20.2725450901804 1325502.32589528 0.000364071010115751
20.3446893787575 1322789.84098929 0.000348468122942594
20.4168336673347 1320088.86834917 0.000333488578854295
20.4889779559118 1317399.33483996 0.00031910955399736
20.561122244489 1314721.16794491 0.000305308969361837
20.6332665330661 1312054.29575889 0.00029206547025236
20.7054108216433 1309398.64698201 0.000279358406174627
20.7775551102204 1306754.15091324 0.000267167811134843
20.8496993987976 1304120.73744414 0.000255474384349373
20.9218436873748 1301498.33705265 0.000244259471361612
20.9939879759519 1298886.88079701 0.000233505045562883
21.0661322645291 1296286.30030969 0.000223193690113896
21.1382765531062 1293696.52779141 0.000213308580263215
21.2104208416834 1291117.49600528 0.000203833466058856
21.2825651302605 1288549.13827098 0.000194752655449062
21.3547094188377 1285991.38845897 0.000186050997768095
21.4268537074148 1283444.18098489 0.000177713867602739
21.498997995992 1280907.45080385 0.00016972714903506
21.5711422845691 1278381.13340502 0.000162077220256823
21.6432865731463 1275865.16480603 0.000154750938550898
21.7154308617234 1273359.48154768 0.000147735625634769
21.7875751503006 1270864.02068854 0.000141019053361284
21.8597194388778 1268378.71979969 0.000134589429771584
21.9318637274549 1265903.51695953 0.000128435385495103
22.0040080160321 1263438.35074863 0.000122545960491488
22.0761523046092 1260983.16024464 0.000116910591129143
22.1482965931864 1258537.88501729 0.00011151909759512
22.2204408817635 1256102.46512341 0.000106361671630954
22.2925851703407 1253676.84110205 0.000101428864589072
22.3647294589178 1251260.95396963 9.67115758042918e-05
22.436873747495 1248854.74521517 9.22010412749465e-05
22.5090180360721 1246458.15679554 8.78888226481261e-05
22.5811623246493 1244071.13113084 8.37667965035237e-05
22.6533066132265 1241693.61109974 7.98271439303349e-05
22.7254509018036 1239325.54003495 7.60623403916938e-05
22.7975951903808 1236966.86171871 7.24651458710884e-05
22.8697394789579 1234617.52037835 6.90285952952394e-05
22.9418837675351 1232277.46068188 6.57459892279087e-05
23.0140280561122 1229946.62773364 6.26108848291442e-05
23.0861723446894 1227624.96707006 5.96170870744678e-05
23.1583166332665 1225312.42465534 5.67586402285503e-05
23.2304609218437 1223008.9468773 5.4029819567951e-05
23.3026052104208 1220714.48054326 5.14251233475129e-05
23.374749498998 1218428.97287589 4.89392650050697e-05
23.4468937875751 1216152.3715092 4.65671655991362e-05
23.5190380761523 1213884.62448454 4.43039464743162e-05
23.5911823647295 1211625.68024662 4.21449221491989e-05
23.6633266533066 1209375.48763965 4.00855934215715e-05
23.7354709418838 1207133.99590342 3.81216406858262e-05
23.8076152304609 1204901.15466955 3.62489174574937e-05
23.8797595190381 1202676.91395764 3.44634440999007e-05
23.9519038076152 1200461.22417161 3.27614017480037e-05
24.0240480961924 1198254.03609597 3.11391264245126e-05
24.0961923847695 1196055.30089221 2.95931033434896e-05
24.1683366733467 1193864.97009517 2.8119961396668e-05
24.2404809619239 1191682.99560947 2.67164678178095e-05
24.312625250501 1189509.32970603 2.53795230204804e-05
24.3847695390782 1187343.92501855 2.41061556047065e-05
24.4569138276553 1185186.73454012 2.28935175280326e-05
24.5290581162325 1183037.71161975 2.17388794365871e-05
24.6012024048096 1180896.80995905 2.06396261518252e-05
24.6733466933868 1178763.98360891 1.95932523087006e-05
24.7454909819639 1176639.18696619 1.8597358141089e-05
24.8176352705411 1174522.37477049 1.76496454103613e-05
24.8897795591182 1172413.50210091 1.67479134730864e-05
24.9619238476954 1170312.52437291 1.589005548391e-05
25.0340681362725 1168219.39733512 1.50740547297416e-05
25.1062124248497 1166134.07706629 1.42979810914558e-05
25.1783567134269 1164056.51997216 1.35599876293852e-05
25.250501002004 1161986.68278247 1.28583072889702e-05
25.3226452905812 1159924.52254794 1.2191249722994e-05
25.3947895791583 1157869.99663726 1.1557198226921e-05
25.4669338677355 1155823.06273423 1.09546067839202e-05
25.5390781563126 1153783.67883478 1.03819972162418e-05
25.6112224448898 1151751.80324415 9.83795643968066e-06
25.6833667334669 1149727.39457402 9.32113381794281e-06
25.7555110220441 1147710.41173971 8.83023861380129e-06
25.8276553106212 1145700.81395739 8.36403753400042e-06
25.8997995991984 1143698.56074134 7.92135236494336e-06
25.9719438877756 1141703.61190125 7.50105769626776e-06
26.0440881763527 1139715.92753947 7.10207872948558e-06
26.1162324649299 1137735.46804844 6.72338916893528e-06
26.188376753507 1135762.19410797 6.36400919236245e-06
26.2605210420842 1133796.0666827 6.02300349851475e-06
26.3326653306613 1131837.04701949 5.6994794292041e-06
26.4048096192385 1129885.09664492 5.39258516335767e-06
26.4769539078156 1127940.17736269 5.10150798064244e-06
26.5490981963928 1126002.25125122 4.82547259231585e-06
26.6212424849699 1124071.28066112 4.56373953701709e-06
26.6933867735471 1122147.22821279 4.31560363927695e-06
26.7655310621242 1120230.05679397 4.08039252858671e-06
26.8376753507014 1118319.7295574 3.85746521692647e-06
26.9098196392786 1116416.20991842 3.64621073271264e-06
26.9819639278557 1114519.46155268 3.44604680918477e-06
27.0541082164329 1112629.44839375 3.25641862530704e-06
27.12625250501 1110746.13463093 3.0767975973177e-06
27.1983967935872 1108869.48470692 2.90668021911439e-06
27.2705410821643 1106999.46331561 2.74558694971736e-06
27.3426853707415 1105136.03539986 2.59306114610615e-06
27.4148296593186 1103279.16614931 2.44866803977635e-06
27.4869739478958 1101428.8209982 2.31199375541475e-06
27.5591182364729 1099584.96562327 2.18264437013975e-06
27.6312625250501 1097747.56594156 2.06024501180391e-06
27.7034068136273 1095916.5881084 1.94443899490123e-06
27.7755511022044 1094091.99851525 1.83488699266967e-06
27.8476953907816 1092273.76378769 1.73126624402339e-06
27.9198396793587 1090461.8507834 1.63326979399419e-06
27.9919839679359 1088656.22659009 1.5406057664041e-06
28.064128256513 1086856.85852355 1.45299666753363e-06
28.1362725450902 1085063.71412568 1.37017871959038e-06
28.2084168336673 1083276.76116249 1.29190122282334e-06
28.2805611222445 1081495.96762225 1.21792594516659e-06
28.3527054108216 1079721.3017135 1.148026538334e-06
28.4248496993988 1077952.7318632 1.0819879793234e-06
28.496993987976 1076190.22671484 1.01960603632461e-06
28.5691382765531 1074433.75512661 9.60686758060323e-07
28.6412825651303 1072683.28616954 9.05045985622797e-07
28.7134268537074 1070938.78912569 8.5250888590227e-07
28.7855711422846 1069200.23348637 8.0290950573513e-07
28.8577154308617 1067467.58895035 7.56090345930375e-07
28.9298597194389 1065740.82542209 7.11901954363816e-07
29.002004008016 1064019.91301 6.7020253735827e-07
29.0741482965932 1062304.82202475 6.30857588596333e-07
29.1462925851703 1060595.5229775 5.9373953484022e-07
29.2184368737475 1058891.98657827 5.58727397759667e-07
29.2905811623246 1057194.18373424 5.25706471194649e-07
29.3627254509018 1055502.08554807 4.94568013205068e-07
29.434869739479 1053815.66331632 4.65208952283608e-07
29.5070140280561 1052134.88852776 4.3753160713163e-07
29.5791583166333 1050459.73286182 4.11443419420723e-07
29.6513026052104 1048790.16818697 3.86856698984561e-07
29.7234468937876 1047126.16655915 3.63688380907103e-07
29.7955911823647 1045467.7002202 3.41859793993798e-07
29.8677354709419 1043814.74159633 3.21296440132357e-07
29.939879759519 1042167.26329662 3.01927784069047e-07
30.0120240480962 1040525.23811144 2.83687053144979e-07
30.0841683366733 1038888.639011 2.66511046555085e-07
30.1563126252505 1037257.43914386 2.50339953709522e-07
30.2284569138277 1035631.61183545 2.35117181294464e-07
30.3006012024048 1034011.13058664 2.20789188645115e-07
30.372745490982 1032395.96907227 2.07305331059593e-07
30.4448897795591 1030786.10113973 1.94617710697388e-07
30.5170340681363 1029181.50080757 1.8268103472065e-07
30.5891783567134 1027582.14226408 1.71452480350612e-07
30.6613226452906 1025987.99986592 1.60891566524969e-07
30.7334669338677 1024399.04813675 1.50960031855097e-07
30.8056112224449 1022815.26176585 1.41621718594531e-07
30.877755511022 1021236.61560681 1.32842462342231e-07
30.9498997995992 1019663.08467617 1.24589987215834e-07
31.0220440881764 1018094.64415211 1.16833806241279e-07
31.0941883767535 1016531.26937318 1.09545126716005e-07
31.1663326653307 1014972.93583693 1.02696760313276e-07
31.2384769539078 1013419.61919871 9.62630377052391e-08
31.310621242485 1011871.29527036 9.02197274918575e-08
31.3827655310621 1010327.94001895 8.45439592321348e-08
31.4549098196393 1008789.52956557 7.9214150382919e-08
31.5270541082164 1007256.04018407 7.42099369591036e-08
31.5991983967936 1005727.44829985 6.95121077372298e-08
31.6713426853707 1004203.73048863 6.51025418323629e-08
31.7434869739479 1002684.8634753 6.09641494856966e-08
31.815631262525 1001170.8241327 5.70808159075543e-08
31.8877755511022 999661.589480449 5.3437348027451e-08
31.9599198396794 998157.136683797 5.00194240095386e-08
32.0320641282565 996657.443052457 4.68135453981791e-08
32.1042084168337 995162.486039475 4.38069917645171e-08
32.1763527054108 993672.243240095 4.09877777308315e-08
32.248496993988 992186.692390642 3.83446122550857e-08
32.3206412825651 990705.811367413 3.5866860063502e-08
32.3927855711423 989229.578185578 3.35445051241793e-08
32.4649298597194 987757.970998093 3.13681160597306e-08
32.5370741482966 986290.968094621 2.9328813401686e-08
32.6092184368737 984828.547900463 2.74182385939372e-08
32.6813627254509 983370.688975508 2.56285246568817e-08
32.7535070140281 981917.370013175 2.39522684280799e-08
32.8256513026052 980468.56983938 2.23825042992313e-08
32.8977955911824 979024.267411508 2.09126793730977e-08
32.9699398797595 977584.441817394 1.95366299676377e-08
33.0420841683367 976149.072274314 1.82485593981276e-08
33.1142284569138 974718.138127982 1.70430169713515e-08
33.186372745491 973291.618851563 1.59148781291569e-08
33.2585170340681 971869.494044691 1.48593256816951e-08
33.3306613226453 970451.743432491 1.38718320735889e-08
33.4028056112224 969038.346864627 1.29481426290434e-08
33.4749498997996 967629.284314335 1.20842597245604e-08
33.5470941883768 966224.535877485 1.12764278404609e-08
33.6192384769539 964824.08177164 1.05211194448261e-08
33.6913827655311 963427.902335129 9.81502166577485e-09
33.7635270541082 962035.978026127 9.15502371019586e-09
33.8356713426854 960648.289421743 8.53820498914775e-09
33.9078156312625 959264.817217116 7.96182391214143e-09
33.9799599198397 957885.542224518 7.42330731442151e-09
34.0521042084168 956510.445372474 6.92024048318388e-09
34.124248496994 955139.507704872 6.4503577503955e-09
34.1963927855711 953772.710380103 6.01153362153112e-09
34.2685370741483 952410.034670189 5.60177441111266e-09
34.3406813627254 951051.461959936 5.21921035743246e-09
34.4128256513026 949696.973746076 4.86208819026437e-09
34.4849699398798 948346.551636438 4.52876412672428e-09
34.5571142284569 947000.177349105 4.21769727172821e-09
34.6292585170341 945657.8327116 3.92744340072422e-09
34.7014028056112 944319.499660059 3.65664910354327e-09
34.7735470941884 942985.160238425 3.4040462693214e-09
34.8456913827655 941654.796597642 3.16844689350235e-09
34.9178356713427 940328.390994867 2.9487381889334e-09
34.9899799599198 939005.925792671 2.74387798401938e-09
35.062124248497 937687.383458263 2.5528903918073e-09
35.1342685370741 936372.746562714 2.37486173473371e-09
35.2064128256513 935061.99778019 2.20893671058508e-09
35.2785571142285 933755.119887188 2.05431478599778e-09
35.3507014028056 932452.095761787 1.91024680456155e-09
35.4228456913828 931152.908382892 1.77603179728879e-09
35.4949899799599 929857.540829502 1.65101398387885e-09
35.5671342685371 928565.976279969 1.5345799538331e-09
35.6392785571142 927278.198011272 1.42615601707718e-09
35.7114228456914 925994.189398295 1.325205714312e-09
35.7835671342685 924713.933913112 1.23122747785344e-09
35.8557114228457 923437.415124277 1.1437524342301e-09
35.9278557114229 922164.616696122 1.0623423402916e-09
36 920895.52238806 9.86587645037709e-10
