"PARAM" "OV" "PCV"
0 395 0.431122585934269
0.0150753768844221 395 0.431122585934269
0.0301507537688442 395 0.431122585934269
0.0452261306532663 395 0.431122585934269
0.0603015075376884 395 0.431122585934269
0.0753768844221106 395 0.4311225859351
0.0904522613065327 395 0.4311225859351
0.105527638190955 385 0.413761445837515
0.120603015075377 385 0.380137073942456
0.135678391959799 385 0.380137073942621
0.150753768844221 385 0.380137073942621
0.165829145728643 385 0.380137073942456
0.180904522613065 375 0.357908991702237
0.195979899497487 375 0.352475240158538
0.21105527638191 375 0.277353489873455
0.226130653266332 375 0.302278247284783
0.241206030150754 375 0.28775829832095
0.256281407035176 375 0.277353489873236
0.271356783919598 375 0.291893313816846
0.28643216080402 375 0.287758298320979
0.301507537688442 375 0.291893313816846
0.316582914572864 375 0.277353489873236
0.331658291457286 375 0.277353489873236
0.346733668341709 375 0.277353489873455
0.361809045226131 365 0.235039993569166
0.376884422110553 365 0.24524738346463
0.391959798994975 365 0.245247383464612
0.407035175879397 365 0.235039993569156
0.422110552763819 365 0.235039993569156
0.437185929648241 355 0.198093931981972
0.452261306532663 355 0.198093931981972
0.467336683417085 355 0.207704284166847
0.482412060301508 355 0.198093931981961
0.49748743718593 355 0.198093931981972
0.512562814070352 345 0.177492850094819
0.527638190954774 345 0.180365632913548
0.542713567839196 345 0.172971665142267
0.557788944723618 345 0.163967588104517
0.57286432160804 345 0.156193849632882
0.587939698492462 345 0.156193849632883
0.603015075376884 340 0.130126253395814
0.618090452261307 340 0.107928053323774
0.633165829145729 340 0.107928053323774
0.648241206030151 340 0.107928053323776
0.663316582914573 340 0.107928053323776
0.678391959798995 340 0.107928053323774
0.693467336683417 340 0.107928053323776
0.708542713567839 340 0.107928053323776
0.723618090452261 335 0.0821528909007744
0.738693467336683 335 0.0821528909007721
0.753768844221105 335 0.0821528909007721
0.768844221105528 335 0.0898369245246686
0.78391959798995 335 0.0821528909007744
0.798994974874372 335 0.0821528909007721
0.814070351758794 325 0.0672228224961006
0.829145728643216 325 0.0725618551282974
0.844221105527638 325 0.0453848719124135
0.85929648241206 325 0.0623575208170825
0.874371859296482 325 0.0578290346869114
0.889447236180904 325 0.0504630638074171
0.904522613065327 325 0.0504630638074171
0.919597989949749 325 0.0453848719124135
0.934673366834171 325 0.0453848719124135
0.949748743718593 325 0.0453848719124132
0.964824120603015 325 0.0453848719124132
0.979899497487437 320 0.0433821667579167
0.994974874371859 315 0.0388423533997378
1.01005025125628 315 0.0388423533997382
1.0251256281407 315 0.030481981396089
1.04020100502513 315 0.029207770390583
1.05527638190955 315 0.030481981396089
1.07035175879397 315 0.0180133760212405
1.08542713567839 315 0.0157278605954156
1.10050251256281 315 0.0180133760212403
1.11557788944724 315 0.0157278605954155
1.13065326633166 315 0.0180133760212403
1.14572864321608 315 0.0180133760212403
1.1608040201005 315 0.0157278605954155
1.17587939698492 315 0.0180133760212403
1.19095477386935 315 0.0180133760212405
1.20603015075377 315 0.0157278605954155
1.22110552763819 315 0.0157278605954156
1.23618090452261 310 0.0140201320214345
1.25125628140704 310 0.00603665857156791
1.26633165829146 310 0.0117350747385091
1.28140703517588 310 0.010646812622041
1.2964824120603 310 0.00603665857156791
1.31155778894472 310 0.00909174790251634
1.32663316582915 310 0.00603665857156792
1.34170854271357 310 0.00603665857156791
1.35678391959799 310 0.00603665857156792
1.37185929648241 310 0.00603665857156792
1.38693467336683 310 0.00603665857156791
1.40201005025126 300 0.00402537504489059
1.41708542713568 300 0.00436315906708873
1.4321608040201 300 0.00402537504489059
1.44723618090452 300 0.00136326342786217
1.46231155778894 300 0.0023207267275276
1.47738693467337 300 0.00232072672752757
1.49246231155779 300 0.0023207267275276
1.50753768844221 300 0.00232072672752757
1.52261306532663 300 0.00136326342786217
1.53768844221106 300 0.00136326342786217
1.55276381909548 300 0.00136326342786217
1.5678391959799 300 0.00136326342786217
1.58291457286432 300 0.00136326342786217
1.59798994974874 300 0.00136326342786217
1.61306532663317 300 0.00136326342786217
1.62814070351759 290 0.00119227546870182
1.64321608040201 285 0.000108013159609202
1.65829145728643 285 0.000554317419919317
1.67336683417085 285 0.000347301973451249
1.68844221105528 285 0.000274781053201955
1.7035175879397 285 0.000149805693392315
1.71859296482412 285 0.000108013159609203
1.73366834170854 285 0.000108013159609203
1.74874371859296 285 0.000149805693392315
1.76381909547739 285 0.000274781053201956
1.77889447236181 285 0.000108013159609203
1.79396984924623 285 0.000108013159609202
1.80904522613065 285 0.000108013159609202
1.82412060301508 285 0.000108013159609202
1.8391959798995 285 0.000149805693392316
1.85427135678392 285 0.000149805693392316
1.86934673366834 285 0.000108013159609202
1.88442211055276 285 0.000149805693392316
1.89949748743719 285 0.000108013159609202
1.91457286432161 285 0.000108013159609203
1.92964824120603 275 3.97083936412233e-05
1.94472361809045 275 3.30780067997275e-05
1.95979899497487 275 3.97083936412237e-05
1.9748743718593 275 5.20398497205889e-05
1.98994974874372 275 3.61896501510368e-05
2.00502512562814 275 3.30780067997278e-05
2.02010050251256 275 4.0663028483464e-06
2.03517587939699 275 4.0663028483464e-06
2.05025125628141 275 4.0663028483464e-06
2.06532663316583 275 4.06630284834635e-06
2.08040201005025 275 4.0663028483464e-06
2.09547738693467 275 4.0663028483464e-06
2.1105527638191 275 6.45753096677242e-06
2.12562814070352 275 4.06630284834635e-06
2.14070351758794 275 6.45753096677247e-06
2.15577889447236 275 4.0663028483464e-06
2.17085427135678 275 4.06630284834635e-06
2.18592964824121 275 6.45753096677247e-06
2.20100502512563 275 4.0663028483464e-06
2.21608040201005 275 4.0663028483464e-06
2.23115577889447 275 4.0663028483464e-06
2.24623115577889 265 1.27800195685587e-06
2.26130653266332 265 1.27800195685585e-06
2.27638190954774 265 1.27800195685587e-06
2.29145728643216 265 1.27800195685585e-06
2.30653266331658 265 1.27800195685585e-06
2.32160804020101 265 1.27800195685585e-06
2.33668341708543 260 1.02336339148773e-06
2.35175879396985 260 1.02336339148773e-06
2.36683417085427 260 1.02336339148774e-06
2.38190954773869 260 1.02336339148774e-06
2.39698492462312 260 1.02336339148773e-06
2.41206030150754 255 3.08590627447229e-08
2.42713567839196 255 3.08590627447229e-08
2.44221105527638 255 3.08590627447224e-08
2.4572864321608 255 6.73759468343398e-08
2.47236180904523 255 6.73759468343398e-08
2.48743718592965 255 3.08590627447229e-08
2.50251256281407 255 3.08590627447224e-08
2.51758793969849 255 3.08590627447229e-08
2.53266331658291 255 3.08590627447224e-08
2.54773869346734 255 3.08590627447229e-08
2.56281407035176 255 3.08590627447229e-08
2.57788944723618 250 5.94003535808679e-08
2.5929648241206 250 4.89899714096989e-08
2.60804020100502 250 9.04917610400199e-09
2.62311557788945 250 4.89899714096989e-08
2.63819095477387 250 9.04917610400215e-09
2.65326633165829 250 9.04917610400215e-09
2.66834170854271 250 9.04917610400215e-09
2.68341708542714 250 9.04917610400215e-09
2.69849246231156 250 9.04917610400199e-09
2.71356783919598 250 9.04917610400215e-09
2.7286432160804 240 7.88927224946413e-10
2.74371859296482 240 7.88927224946413e-10
2.75879396984925 235 6.73520143040518e-10
2.77386934673367 235 4.15913440943786e-10
2.78894472361809 235 3.36659701005043e-10
2.80402010050251 235 3.93750446154433e-10
2.81909547738693 235 2.80246921590393e-11
2.83417085427136 235 3.19860210120954e-10
2.84924623115578 235 3.93750446154433e-10
2.8643216080402 235 1.85630674665997e-12
2.87939698492462 235 6.60062672283836e-12
2.89447236180905 235 2.80246921590393e-11
2.90954773869347 235 9.59411701570742e-12
2.92462311557789 235 2.44614744981693e-14
2.93969849246231 235 9.59411701570742e-12
2.95477386934673 235 2.80246921590393e-11
2.96984924623116 235 2.44614744981693e-14
2.98492462311558 235 6.60062672283836e-12
3 235 2.80246921590393e-11
