"PARAM" "OV" "PCV1" "PCV2" "PCV3" "PCV4" "PCV5"
0 395 0.399059837697178 0.471516995484327 0.471516995484327 0.471516995484327 0.471516995484327
0.0100200400801603 395 0.399059837697176 0.471516995484327 0.471516995484327 0.471516995484327 0.471516995484327
0.0200400801603206 395 0.399059837697176 0.471516995484327 0.471516995484327 0.471516995484327 0.471516995484327
0.030060120240481 395 0.399059837697178 0.471516995484327 0.471516995484327 0.471516995484327 0.471516995484327
0.0400801603206413 395 0.399059837697176 0.471516995484327 0.471516995484327 0.471516995484327 0.471516995484327
0.0501002004008016 395 0.399059837697176 0.471516995484327 0.471516995484327 0.471516995484327 0.471516995484327
0.0601202404809619 395 0.399059837697176 0.471516995484327 0.471516995484327 0.471516995484327 0.471516995484327
0.0701402805611222 395 0.399059837697178 0.471516995484327 0.471516995484327 0.471516995484327 0.471516995484327
0.0801603206412826 385 0.326539755789464 0.4493261206253 0.4493261206253 0.4493261206253 0.4493261206253
0.0901803607214429 385 0.326539755789464 0.4493261206253 0.4493261206253 0.4493261206253 0.4493261206253
0.100200400801603 385 0.326539755789464 0.4493261206253 0.4493261206253 0.4493261206253 0.4493261206253
0.110220440881764 385 0.326539755789464 0.4493261206253 0.4493261206253 0.4493261206253 0.4493261206253
0.120240480961924 385 0.326539755789464 0.4493261206253 0.4493261206253 0.4493261206253 0.4493261206253
0.130260521042084 375 0.209944312640754 0.408200359937474 0.408200359937474 0.408200359937474 0.408200359937474
0.140280561122244 375 0.260635253361867 0.426082628721658 0.426082628721658 0.426082628721658 0.426082628721658
0.150300601202405 375 0.192296669034215 0.400940045748194 0.400940045748194 0.400940045748194 0.400940045748194
0.160320641282565 375 0.203978233830882 0.404523984914234 0.404523984914234 0.404523984914234 0.404523984914234
0.170340681362725 375 0.260635253361867 0.426082628721658 0.426082628721658 0.426082628721658 0.426082628721658
0.180360721442886 375 0.203978233830882 0.404523984914234 0.404523984914234 0.404523984914234 0.404523984914234
0.190380761523046 375 0.203978233830882 0.404523984914234 0.404523984914234 0.404523984914234 0.404523984914234
0.200400801603206 375 0.203978233830882 0.404523984914234 0.404523984914234 0.404523984914234 0.404523984914234
0.210420841683367 375 0.192296669034215 0.400940045748194 0.400940045748194 0.400940045748194 0.400940045748194
0.220440881763527 375 0.209944312640754 0.408200359937474 0.408200359937474 0.408200359937474 0.408200359937474
0.230460921843687 375 0.203978233830882 0.404523984914234 0.404523984914234 0.404523984914234 0.404523984914234
0.240480961923848 375 0.203978233830882 0.404523984914234 0.404523984914234 0.404523984914234 0.404523984914234
0.250501002004008 375 0.192296669034215 0.400940045748194 0.400940045748194 0.400940045748194 0.400940045748194
0.260521042084168 365 0.154515708723348 0.381555150911157 0.381555150911157 0.381555150911157 0.381555150911157
0.270541082164329 365 0.154515708723348 0.381555150911157 0.381555150911157 0.381555150911157 0.381555150911157
0.280561122244489 365 0.154515708723348 0.381555150911157 0.381555150911157 0.381555150911157 0.381555150911157
0.290581162324649 365 0.154515708723349 0.381555150911157 0.381555150911157 0.381555150911157 0.381555150911157
0.30060120240481 365 0.154515708723349 0.381555150911157 0.381555150911157 0.381555150911157 0.381555150911157
0.31062124248497 365 0.144198848291237 0.377949081506847 0.377949081506847 0.377949081506847 0.377949081506847
0.32064128256513 355 0.127490709615866 0.365072428272505 0.365072428272505 0.365072428272505 0.365072428272505
0.330661322645291 355 0.106451166060429 0.354132101943831 0.354132101943831 0.354132101943831 0.354132101943831
0.340681362725451 355 0.115146316545843 0.357746604442096 0.357746604442096 0.357746604442096 0.357746604442096
0.350701402805611 355 0.106451166060429 0.35413210194383 0.35413210194383 0.35413210194383 0.35413210194383
0.360721442885772 355 0.115146316545842 0.357746604442095 0.357746604442095 0.357746604442095 0.357746604442095
0.370741482965932 355 0.106451166060429 0.35413210194383 0.35413210194383 0.35413210194383 0.35413210194383
0.380761523046092 345 0.10484831307068 0.350686301588105 0.350686301588105 0.350686301588105 0.350686301588105
0.390781563126252 345 0.0899496420085309 0.340687793572432 0.340687793572432 0.340687793572432 0.340687793572432
0.400801603206413 345 0.0899496420085309 0.340687793572432 0.340687793572432 0.340687793572432 0.340687793572432
0.410821643286573 345 0.0758609534226938 0.33105189144128 0.33105189144128 0.33105189144128 0.33105189144128
0.420841683366733 345 0.0694558755501457 0.334222055567651 0.334222055567651 0.334222055567651 0.334222055567651
0.430861723446894 345 0.0758609534226942 0.33105189144128 0.33105189144128 0.33105189144128 0.33105189144128
0.440881763527054 340 0.0355581911718743 0.306051560149056 0.306051560149056 0.306051560149056 0.306051560149056
0.450901803607214 340 0.0355581911718745 0.306051560149056 0.306051560149056 0.306051560149056 0.306051560149056
0.460921843687375 340 0.0355581911718745 0.306051560149056 0.306051560149056 0.306051560149056 0.306051560149056
0.470941883767535 340 0.0355581911718745 0.306051560149056 0.306051560149056 0.306051560149056 0.306051560149056
0.480961923847695 340 0.0355581911718743 0.306051560149056 0.306051560149056 0.306051560149056 0.306051560149056
0.490981963927856 340 0.0355581911718745 0.306051560149056 0.306051560149056 0.306051560149056 0.306051560149056
0.501002004008016 340 0.0355581911718745 0.306051560149056 0.306051560149056 0.306051560149056 0.306051560149056
0.511022044088176 335 0.0215762632626768 0.283241019166926 0.283241019166926 0.283241019166926 0.283241019166926
0.521042084168337 335 0.0215762632626768 0.283241019166926 0.283241019166926 0.283241019166926 0.283241019166926
0.531062124248497 335 0.0215762632626768 0.283241019166926 0.283241019166926 0.283241019166926 0.283241019166926
0.541082164328657 335 0.0215762632626768 0.283241019166926 0.283241019166926 0.283241019166926 0.283241019166926
0.551102204408818 335 0.0215762632626768 0.283241019166926 0.283241019166926 0.283241019166926 0.283241019166926
0.561122244488978 335 0.0215762632626768 0.283241019166926 0.283241019166926 0.283241019166926 0.283241019166926
0.571142284569138 335 0.0215762632626768 0.283241019166926 0.283241019166926 0.283241019166926 0.283241019166926
0.581162324649299 325 0.00885211026257495 0.249644776038542 0.249644776038542 0.249644776038542 0.249644776038542
0.591182364729459 325 0.0184936505566899 0.27554677291977 0.27554677291977 0.27554677291977 0.27554677291977
0.601202404809619 325 0.0171269086055678 0.262910963479726 0.262910963479726 0.262910963479726 0.262910963479726
0.61122244488978 325 0.0199238967595943 0.266400523489107 0.266400523489107 0.266400523489107 0.266400523489107
0.62124248496994 325 0.0113548466453106 0.255228479480821 0.255228479480821 0.255228479480821 0.255228479480821
0.6312625250501 325 0.0130334282590486 0.260816093733408 0.260816093733408 0.260816093733408 0.260816093733408
0.64128256513026 325 0.00729857413497196 0.242930580657063 0.242930580657063 0.242930580657063 0.242930580657063
0.651302605210421 325 0.0113548466453107 0.255228479480822 0.255228479480822 0.255228479480822 0.255228479480822
0.661322645290581 325 0.00729857413497204 0.242930580657064 0.242930580657064 0.242930580657064 0.242930580657064
0.671342685370741 325 0.00729857413497196 0.242930580657063 0.242930580657063 0.242930580657063 0.242930580657063
0.681362725450902 325 0.00729857413497204 0.242930580657064 0.242930580657064 0.242930580657064 0.242930580657064
0.691382765531062 325 0.00729857413497196 0.242930580657063 0.242930580657063 0.242930580657063 0.242930580657063
0.701402805611222 320 0.00672135645218856 0.235968881142693 0.235968881142693 0.235968881142693 0.235968881142693
0.711422845691383 320 0.00672135645218856 0.235968881142693 0.235968881142693 0.235968881142693 0.235968881142693
0.721442885771543 315 0.00109522758545229 0.184403127106458 0.184403127106458 0.184403127106458 0.184403127106458
0.731462925851703 315 0.00109522758545229 0.184403127106458 0.184403127106458 0.184403127106458 0.184403127106458
0.741482965931864 315 0.00328770437864343 0.214668435147968 0.214668435147968 0.214668435147968 0.214668435147968
0.751503006012024 315 0.00328770437864339 0.214668435147968 0.214668435147968 0.214668435147968 0.214668435147968
0.761523046092184 315 0.00139064429350857 0.19076636343926 0.19076636343926 0.19076636343926 0.19076636343926
0.771543086172345 315 0.00328770437864339 0.214668435147968 0.214668435147968 0.214668435147968 0.214668435147968
0.781563126252505 315 0.00109522758545229 0.184403127106458 0.184403127106458 0.184403127106458 0.184403127106458
0.791583166332665 315 0.00109522758545229 0.184403127106458 0.184403127106458 0.184403127106458 0.184403127106458
0.801603206412826 315 0.00109522758545229 0.184403127106458 0.184403127106458 0.184403127106458 0.184403127106458
0.811623246492986 315 0.00109522758545229 0.184403127106458 0.184403127106458 0.184403127106458 0.184403127106458
0.821643286573146 315 0.00109522758545229 0.184403127106458 0.184403127106458 0.184403127106458 0.184403127106458
0.831663326653307 315 0.00109522758545229 0.184403127106458 0.184403127106458 0.184403127106458 0.184403127106458
0.841683366733467 315 0.00109522758545229 0.184403127106458 0.184403127106458 0.184403127106458 0.184403127106458
0.851703406813627 315 0.00109522758545229 0.184403127106458 0.184403127106458 0.184403127106458 0.184403127106458
0.861723446893788 315 0.00109522758545229 0.184403127106458 0.184403127106458 0.184403127106458 0.184403127106458
0.871743486973948 315 0.00109522758545229 0.184403127106458 0.184403127106458 0.184403127106458 0.184403127106458
0.881763527054108 315 0.00109522758545229 0.184403127106458 0.184403127106458 0.184403127106458 0.184403127106458
0.891783567134269 315 0.00109522758545229 0.184403127106458 0.184403127106458 0.184403127106458 0.184403127106458
0.901803607214429 310 0.000242530520908059 0.150535425324939 0.150535425324939 0.150535425324939 0.150535425324939
0.911823647294589 310 0.00099190741536112 0.176105543643688 0.176105543643688 0.176105543643688 0.176105543643688
0.921843687374749 310 0.000242530520908059 0.150535425324939 0.150535425324939 0.150535425324939 0.150535425324939
0.93186372745491 310 0.000426322590227167 0.16116461344034 0.16116461344034 0.16116461344034 0.16116461344034
0.94188376753507 310 0.000426322590227167 0.16116461344034 0.16116461344034 0.16116461344034 0.16116461344034
0.95190380761523 310 0.000242530520908059 0.150535425324939 0.150535425324939 0.150535425324939 0.150535425324939
0.961923847695391 310 0.000242530520908059 0.150535425324939 0.150535425324939 0.150535425324939 0.150535425324939
0.971943887775551 310 0.000242530520908059 0.150535425324939 0.150535425324939 0.150535425324939 0.150535425324939
0.981963927855711 310 0.000426322590227167 0.16116461344034 0.16116461344034 0.16116461344034 0.16116461344034
0.991983967935872 310 0.000242530520908059 0.150535425324939 0.150535425324939 0.150535425324939 0.150535425324939
1.00200400801603 310 0.000242530520908059 0.150535425324939 0.150535425324939 0.150535425324939 0.150535425324939
1.01202404809619 310 0.000242530520908059 0.150535425324939 0.150535425324939 0.150535425324939 0.150535425324939
1.02204408817635 310 0.000242530520908059 0.150535425324939 0.150535425324939 0.150535425324939 0.150535425324939
1.03206412825651 310 0.000242530520908059 0.150535425324939 0.150535425324939 0.150535425324939 0.150535425324939
1.04208416833667 300 0.000235722085662981 0.145784427221305 0.145784427221305 0.145784427221305 0.145784427221305
1.05210420841683 300 0.000235722085662981 0.145784427221305 0.145784427221305 0.145784427221305 0.145784427221305
1.06212424849699 300 5.43564193976569e-05 0.119801256136084 0.119801256136084 0.119801256136084 0.119801256136084
1.07214428857715 300 2.50505899568118e-05 0.108527420194223 0.108527420194223 0.108527420194223 0.108527420194223
1.08216432865731 300 2.50505899568118e-05 0.108527420194223 0.108527420194223 0.108527420194223 0.108527420194223
1.09218436873747 300 2.50505899568118e-05 0.108527420194223 0.108527420194223 0.108527420194223 0.108527420194223
1.10220440881764 300 5.43564193976576e-05 0.119801256136084 0.119801256136084 0.119801256136084 0.119801256136084
1.1122244488978 300 5.43564193976569e-05 0.119801256136084 0.119801256136084 0.119801256136084 0.119801256136084
1.12224448897796 300 5.43564193976569e-05 0.119801256136084 0.119801256136084 0.119801256136084 0.119801256136084
1.13226452905812 300 2.50505899568118e-05 0.108527420194223 0.108527420194223 0.108527420194223 0.108527420194223
1.14228456913828 300 2.50505899568118e-05 0.108527420194223 0.108527420194223 0.108527420194223 0.108527420194223
1.15230460921844 300 2.50505899568118e-05 0.108527420194223 0.108527420194223 0.108527420194223 0.108527420194223
1.1623246492986 300 2.50505899568118e-05 0.108527420194223 0.108527420194223 0.108527420194223 0.108527420194223
1.17234468937876 300 5.43564193976576e-05 0.119801256136084 0.119801256136084 0.119801256136084 0.119801256136084
1.18236472945892 300 2.50505899568118e-05 0.108527420194223 0.108527420194223 0.108527420194223 0.108527420194223
1.19238476953908 300 2.50505899568118e-05 0.108527420194223 0.108527420194223 0.108527420194223 0.108527420194223
1.20240480961924 300 2.50505899568118e-05 0.108527420194223 0.108527420194223 0.108527420194223 0.108527420194223
1.2124248496994 300 2.50505899568118e-05 0.108527420194223 0.108527420194223 0.108527420194223 0.108527420194223
1.22244488977956 300 2.50505899568118e-05 0.108527420194223 0.108527420194223 0.108527420194223 0.108527420194223
1.23246492985972 300 2.50505899568118e-05 0.108527420194223 0.108527420194223 0.108527420194223 0.108527420194223
1.24248496993988 290 3.10259496086638e-05 0.106219041525451 0.106219041525451 0.106219041525451 0.106219041525451
1.25250501002004 290 2.51220432300281e-05 0.104497661404521 0.104497661404521 0.104497661404521 0.104497661404521
1.2625250501002 285 9.22229790653629e-07 0.0695972664227219 0.0695972664227219 0.0695972664227219 0.0695972664227219
1.27254509018036 285 2.70482381189818e-06 0.0765469668852971 0.0765469668852971 0.0765469668852971 0.0765469668852971
1.28256513026052 285 9.22229790653629e-07 0.0695972664227219 0.0695972664227219 0.0695972664227219 0.0695972664227219
1.29258517034068 285 2.70482381189818e-06 0.0765469668852971 0.0765469668852971 0.0765469668852971 0.0765469668852971
1.30260521042084 285 2.70482381189818e-06 0.0765469668852971 0.0765469668852971 0.0765469668852971 0.0765469668852971
1.312625250501 285 2.70482381189816e-06 0.0765469668852971 0.0765469668852971 0.0765469668852971 0.0765469668852971
1.32264529058116 285 1.36134169882051e-06 0.073353049661793 0.073353049661793 0.073353049661793 0.073353049661793
1.33266533066132 285 9.22229790653621e-07 0.0695972664227219 0.0695972664227219 0.0695972664227219 0.0695972664227219
1.34268537074148 285 1.10011136740538e-05 0.0871448494528565 0.0871448494528565 0.0871448494528565 0.0871448494528565
1.35270541082164 285 1.10011136740538e-05 0.0871448494528565 0.0871448494528565 0.0871448494528565 0.0871448494528565
1.3627254509018 285 9.22229790653629e-07 0.0695972664227219 0.0695972664227219 0.0695972664227219 0.0695972664227219
1.37274549098196 285 2.70482381189818e-06 0.0765469668852971 0.0765469668852971 0.0765469668852971 0.0765469668852971
1.38276553106212 285 1.36134169882051e-06 0.073353049661793 0.073353049661793 0.073353049661793 0.073353049661793
1.39278557114228 285 9.22229790653621e-07 0.0695972664227219 0.0695972664227219 0.0695972664227219 0.0695972664227219
1.40280561122244 285 9.22229790653621e-07 0.0695972664227219 0.0695972664227219 0.0695972664227219 0.0695972664227219
1.41282565130261 285 2.70482381189816e-06 0.0765469668852971 0.0765469668852971 0.0765469668852971 0.0765469668852971
1.42284569138277 285 9.22229790653629e-07 0.0695972664227219 0.0695972664227219 0.0695972664227219 0.0695972664227219
1.43286573146293 285 1.3613416988205e-06 0.0733530496617929 0.0733530496617929 0.0733530496617929 0.0733530496617929
1.44288577154309 285 9.22229790653629e-07 0.0695972664227219 0.0695972664227219 0.0695972664227219 0.0695972664227219
1.45290581162325 285 9.22229790653629e-07 0.0695972664227219 0.0695972664227219 0.0695972664227219 0.0695972664227219
1.46292585170341 285 9.22229790653629e-07 0.0695972664227219 0.0695972664227219 0.0695972664227219 0.0695972664227219
1.47294589178357 285 9.22229790653621e-07 0.0695972664227219 0.0695972664227219 0.0695972664227219 0.0695972664227219
1.48296593186373 275 4.16092475088027e-08 0.0436123760926583 0.0436123760926583 0.0436123760926583 0.0436123760926583
1.49298597194389 275 5.47715462477882e-07 0.0535909981234619 0.0535909981234619 0.0535909981234619 0.0535909981234619
1.50300601202405 275 5.47715462477882e-07 0.0535909981234619 0.0535909981234619 0.0535909981234619 0.0535909981234619
1.51302605210421 275 3.51618509500003e-07 0.0535082151613415 0.0535082151613415 0.0535082151613415 0.0535082151613415
1.52304609218437 275 2.1998447096298e-07 0.0548111424778596 0.0548111424778596 0.0548111424778596 0.0548111424778596
1.53306613226453 275 3.51618509500003e-07 0.0535082151613415 0.0535082151613415 0.0535082151613415 0.0535082151613415
1.54308617234469 275 2.19984470962978e-07 0.0548111424778596 0.0548111424778596 0.0548111424778596 0.0548111424778596
1.55310621242485 275 2.67983340044415e-08 0.0408353552827706 0.0408353552827706 0.0408353552827706 0.0408353552827706
1.56312625250501 275 3.51618509500006e-07 0.0535082151613416 0.0535082151613416 0.0535082151613416 0.0535082151613416
1.57314629258517 275 2.67983340044412e-08 0.0408353552827705 0.0408353552827705 0.0408353552827705 0.0408353552827705
1.58316633266533 275 5.47715462477882e-07 0.0535909981234619 0.0535909981234619 0.0535909981234619 0.0535909981234619
1.59318637274549 275 5.47715462477882e-07 0.0535909981234619 0.0535909981234619 0.0535909981234619 0.0535909981234619
1.60320641282565 275 2.67983340044412e-08 0.0408353552827705 0.0408353552827705 0.0408353552827705 0.0408353552827705
1.61322645290581 275 2.67983340044415e-08 0.0408353552827706 0.0408353552827706 0.0408353552827706 0.0408353552827706
1.62324649298597 275 2.67983340044415e-08 0.0408353552827706 0.0408353552827706 0.0408353552827706 0.0408353552827706
1.63326653306613 275 2.67983340044415e-08 0.0408353552827706 0.0408353552827706 0.0408353552827706 0.0408353552827706
1.64328657314629 275 2.67983340044412e-08 0.0408353552827705 0.0408353552827705 0.0408353552827705 0.0408353552827705
1.65330661322645 275 2.67983340044415e-08 0.0408353552827706 0.0408353552827706 0.0408353552827706 0.0408353552827706
1.66332665330661 275 2.67983340044415e-08 0.0408353552827706 0.0408353552827706 0.0408353552827706 0.0408353552827706
1.67334669338677 275 4.16092475088031e-08 0.0436123760926583 0.0436123760926583 0.0436123760926583 0.0436123760926583
1.68336673346693 275 2.67983340044412e-08 0.0408353552827705 0.0408353552827705 0.0408353552827705 0.0408353552827705
1.69338677354709 275 2.67983340044412e-08 0.0408353552827705 0.0408353552827705 0.0408353552827705 0.0408353552827705
1.70340681362725 275 2.67983340044415e-08 0.0408353552827706 0.0408353552827706 0.0408353552827706 0.0408353552827706
1.71342685370741 275 2.67983340044415e-08 0.0408353552827706 0.0408353552827706 0.0408353552827706 0.0408353552827706
1.72344689378758 275 2.67983340044412e-08 0.0408353552827705 0.0408353552827705 0.0408353552827705 0.0408353552827705
1.73346693386774 275 2.67983340044415e-08 0.0408353552827706 0.0408353552827706 0.0408353552827706 0.0408353552827706
1.7434869739479 265 4.2715598929193e-08 0.0395714777410814 0.0395714777410814 0.0395714777410814 0.0395714777410814
1.75350701402806 265 8.45388152362981e-09 0.0328686393191032 0.0328686393191032 0.0328686393191032 0.0328686393191032
1.76352705410822 265 8.45388152362981e-09 0.0328686393191032 0.0328686393191032 0.0328686393191032 0.0328686393191032
1.77354709418838 265 8.45388152362972e-09 0.0328686393191032 0.0328686393191032 0.0328686393191032 0.0328686393191032
1.78356713426854 265 8.45388152362972e-09 0.0328686393191032 0.0328686393191032 0.0328686393191032 0.0328686393191032
1.7935871743487 265 8.45388152362972e-09 0.0328686393191032 0.0328686393191032 0.0328686393191032 0.0328686393191032
1.80360721442886 265 8.45388152362972e-09 0.0328686393191032 0.0328686393191032 0.0328686393191032 0.0328686393191032
1.81362725450902 265 8.45388152362981e-09 0.0328686393191032 0.0328686393191032 0.0328686393191032 0.0328686393191032
1.82364729458918 265 8.45388152362972e-09 0.0328686393191032 0.0328686393191032 0.0328686393191032 0.0328686393191032
1.83366733466934 265 8.45388152362981e-09 0.0328686393191032 0.0328686393191032 0.0328686393191032 0.0328686393191032
1.8436873747495 255 4.42471932884291e-08 0.0317783198529054 0.0317783198529054 0.0317783198529054 0.0317783198529054
1.85370741482966 255 1.00182336833889e-09 0.0234404217886774 0.0234404217886774 0.0234404217886774 0.0234404217886774
1.86372745490982 255 1.23225754446181e-08 0.0300087805978523 0.0300087805978523 0.0300087805978523 0.0300087805978523
1.87374749498998 255 2.15147967344533e-08 0.0300648467237578 0.0300648467237578 0.0300648467237578 0.0300648467237578
1.88376753507014 255 6.10232737488232e-10 0.0216484978668927 0.0216484978668927 0.0216484978668927 0.0216484978668927
1.8937875751503 255 6.10232737488232e-10 0.0216484978668927 0.0216484978668927 0.0216484978668927 0.0216484978668927
1.90380761523046 255 6.10232737488232e-10 0.0216484978668927 0.0216484978668927 0.0216484978668927 0.0216484978668927
1.91382765531062 255 6.10232737488232e-10 0.0216484978668927 0.0216484978668927 0.0216484978668927 0.0216484978668927
1.92384769539078 255 6.10232737488242e-10 0.0216484978668928 0.0216484978668928 0.0216484978668928 0.0216484978668928
1.93386773547094 255 6.10232737488242e-10 0.0216484978668928 0.0216484978668928 0.0216484978668928 0.0216484978668928
1.9438877755511 255 6.10232737488242e-10 0.0216484978668928 0.0216484978668928 0.0216484978668928 0.0216484978668928
1.95390781563126 255 6.10232737488242e-10 0.0216484978668928 0.0216484978668928 0.0216484978668928 0.0216484978668928
1.96392785571142 255 6.10232737488232e-10 0.0216484978668927 0.0216484978668927 0.0216484978668927 0.0216484978668927
1.97394789579158 255 6.10232737488242e-10 0.0216484978668928 0.0216484978668928 0.0216484978668928 0.0216484978668928
1.98396793587174 255 6.10232737488242e-10 0.0216484978668928 0.0216484978668928 0.0216484978668928 0.0216484978668928
1.9939879759519 255 6.10232737488242e-10 0.0216484978668928 0.0216484978668928 0.0216484978668928 0.0216484978668928
2.00400801603206 255 6.10232737488232e-10 0.0216484978668927 0.0216484978668927 0.0216484978668927 0.0216484978668927
2.01402805611222 255 6.10232737488232e-10 0.0216484978668927 0.0216484978668927 0.0216484978668927 0.0216484978668927
2.02404809619238 245 1.72264733585311e-10 0.0166504726068071 0.0166504726068071 0.0166504726068071 0.0166504726068071
2.03406813627255 245 1.72264733585314e-10 0.0166504726068071 0.0166504726068071 0.0166504726068071 0.0166504726068071
2.04408817635271 245 1.72264733585314e-10 0.0166504726068071 0.0166504726068071 0.0166504726068071 0.0166504726068071
2.05410821643287 245 1.72264733585311e-10 0.0166504726068071 0.0166504726068071 0.0166504726068071 0.0166504726068071
2.06412825651303 245 1.72264733585314e-10 0.0166504726068071 0.0166504726068071 0.0166504726068071 0.0166504726068071
2.07414829659319 245 1.72264733585314e-10 0.0166504726068071 0.0166504726068071 0.0166504726068071 0.0166504726068071
2.08416833667335 245 1.72264733585311e-10 0.0166504726068071 0.0166504726068071 0.0166504726068071 0.0166504726068071
2.09418837675351 245 1.72264733585314e-10 0.0166504726068071 0.0166504726068071 0.0166504726068071 0.0166504726068071
2.10420841683367 245 1.72264733585314e-10 0.0166504726068071 0.0166504726068071 0.0166504726068071 0.0166504726068071
2.11422845691383 245 1.72264733585311e-10 0.0166504726068071 0.0166504726068071 0.0166504726068071 0.0166504726068071
2.12424849699399 245 1.72264733585314e-10 0.0166504726068071 0.0166504726068071 0.0166504726068071 0.0166504726068071
2.13426853707415 240 7.49714169035871e-11 0.0149892321134933 0.0149892321134933 0.0149892321134933 0.0149892321134933
2.14428857715431 240 7.49714169035871e-11 0.0149892321134933 0.0149892321134933 0.0149892321134933 0.0149892321134933
2.15430861723447 240 7.49714169035871e-11 0.0149892321134933 0.0149892321134933 0.0149892321134933 0.0149892321134933
2.16432865731463 240 7.49714169035871e-11 0.0149892321134933 0.0149892321134933 0.0149892321134933 0.0149892321134933
2.17434869739479 235 4.10816193713425e-13 0.0126590193993401 0.0126590193993401 0.0126590193993401 0.0126590193993401
2.18436873747495 235 7.00855851429434e-14 0.0117521865160985 0.0117521865160985 0.0117521865160985 0.0117521865160985
2.19438877755511 235 3.30433907531862e-14 0.0107220888497941 0.0107220888497941 0.0107220888497941 0.0107220888497941
2.20440881763527 235 3.65153729499486e-13 0.012950585588836 0.012950585588836 0.012950585588836 0.012950585588836
2.21442885771543 235 4.10816193713425e-13 0.0126590193993401 0.0126590193993401 0.0126590193993401 0.0126590193993401
2.22444889779559 235 4.10816193713425e-13 0.0126590193993401 0.0126590193993401 0.0126590193993401 0.0126590193993401
2.23446893787575 235 3.30433907531862e-14 0.0107220888497941 0.0107220888497941 0.0107220888497941 0.0107220888497941
2.24448897795591 235 3.30433907531862e-14 0.0107220888497941 0.0107220888497941 0.0107220888497941 0.0107220888497941
2.25450901803607 235 7.00855851429434e-14 0.0117521865160985 0.0117521865160985 0.0117521865160985 0.0117521865160985
2.26452905811623 235 3.30433907531862e-14 0.0107220888497941 0.0107220888497941 0.0107220888497941 0.0107220888497941
2.27454909819639 235 3.30433907531862e-14 0.0107220888497941 0.0107220888497941 0.0107220888497941 0.0107220888497941
2.28456913827655 235 3.30433907531862e-14 0.0107220888497941 0.0107220888497941 0.0107220888497941 0.0107220888497941
2.29458917835671 235 3.30433907531862e-14 0.0107220888497941 0.0107220888497941 0.0107220888497941 0.0107220888497941
2.30460921843687 230 1.90337151735383e-25 0.00112495408558366 0.00112495408558366 0.00112495408558366 0.00112495408558366
2.31462925851703 230 3.40931295850702e-18 0.00605918181243139 0.00605918181243139 0.00605918181243139 0.00605918181243139
2.32464929859719 230 4.47946695070956e-22 0.00230956671306623 0.00230956671306623 0.00230956671306623 0.00230956671306623
2.33466933867735 230 8.86359236423503e-25 0.00137589137638718 0.00137589137638718 0.00137589137638718 0.00137589137638718
2.34468937875751 230 6.64834770226182e-23 0.00205749719626103 0.00205749719626103 0.00205749719626103 0.00205749719626103
2.35470941883768 230 5.30568702698503e-18 0.00601424558893588 0.00601424558893588 0.00601424558893588 0.00601424558893588
2.36472945891784 230 6.64834770226182e-23 0.00205749719626103 0.00205749719626103 0.00205749719626103 0.00205749719626103
2.374749498998 230 1.5967167587874e-21 0.00274850172983465 0.00274850172983465 0.00274850172983465 0.00274850172983465
2.38476953907816 230 3.52248764148837e-19 0.00480119848575522 0.00480119848575522 0.00480119848575522 0.00480119848575522
2.39478957915832 230 5.43639301774385e-27 0.000857215178630271 0.000857215178630271 0.000857215178630271 0.000857215178630271
2.40480961923848 230 2.24629536506817e-23 0.00190099188558369 0.00190099188558369 0.00190099188558369 0.00190099188558369
2.41482965931864 230 1.30079713336606e-21 0.00260487897090753 0.00260487897090753 0.00260487897090753 0.00260487897090753
2.4248496993988 230 1.5967167587874e-21 0.00274850172983465 0.00274850172983465 0.00274850172983465 0.00274850172983465
2.43486973947896 230 8.88807784085246e-19 0.00536540599964764 0.00536540599964764 0.00536540599964764 0.00536540599964764
2.44488977955912 230 6.64834770226182e-23 0.00205749719626103 0.00205749719626103 0.00205749719626103 0.00205749719626103
2.45490981963928 230 3.93058263715498e-19 0.00438505879264153 0.00438505879264153 0.00438505879264153 0.00438505879264153
2.46492985971944 230 5.43639301774385e-27 0.000857215178630271 0.000857215178630271 0.000857215178630271 0.000857215178630271
2.4749498997996 230 5.43639301774385e-27 0.000857215178630271 0.000857215178630271 0.000857215178630271 0.000857215178630271
2.48496993987976 230 5.6708607823119e-21 0.00270056320516354 0.00270056320516354 0.00270056320516354 0.00270056320516354
2.49498997995992 230 8.22008879048788e-20 0.00364064488884005 0.00364064488884005 0.00364064488884005 0.00364064488884005
2.50501002004008 230 2.44188655795525e-24 0.00143538922550445 0.00143538922550445 0.00143538922550445 0.00143538922550445
2.51503006012024 230 6.64834770226182e-23 0.00205749719626103 0.00205749719626103 0.00205749719626103 0.00205749719626103
2.5250501002004 230 6.64834770226182e-23 0.00205749719626103 0.00205749719626103 0.00205749719626103 0.00205749719626103
2.53507014028056 230 5.43639301774374e-27 0.00085721517863027 0.00085721517863027 0.00085721517863027 0.00085721517863027
2.54509018036072 230 8.03274535720025e-20 0.00403693707140649 0.00403693707140649 0.00403693707140649 0.00403693707140649
2.55511022044088 230 6.64834770226182e-23 0.00205749719626103 0.00205749719626103 0.00205749719626103 0.00205749719626103
2.56513026052104 230 6.64834770226182e-23 0.00205749719626103 0.00205749719626103 0.00205749719626103 0.00205749719626103
2.5751503006012 230 6.64834770226193e-23 0.00205749719626104 0.00205749719626104 0.00205749719626104 0.00205749719626104
2.58517034068136 230 5.43639301774374e-27 0.00085721517863027 0.00085721517863027 0.00085721517863027 0.00085721517863027
2.59519038076152 230 5.43639301774374e-27 0.00085721517863027 0.00085721517863027 0.00085721517863027 0.00085721517863027
2.60521042084168 230 6.64834770226193e-23 0.00205749719626104 0.00205749719626104 0.00205749719626104 0.00205749719626104
2.61523046092184 230 5.43639301774385e-27 0.000857215178630271 0.000857215178630271 0.000857215178630271 0.000857215178630271
2.625250501002 230 5.43639301774374e-27 0.00085721517863027 0.00085721517863027 0.00085721517863027 0.00085721517863027
2.63527054108216 230 2.34334747208296e-25 0.00119668815577791 0.00119668815577791 0.00119668815577791 0.00119668815577791
2.64529058116232 230 5.43639301774374e-27 0.00085721517863027 0.00085721517863027 0.00085721517863027 0.00085721517863027
2.65531062124249 230 1.01275861796703e-21 0.00278472172955211 0.00278472172955211 0.00278472172955211 0.00278472172955211
2.66533066132265 230 5.43639301774385e-27 0.000857215178630271 0.000857215178630271 0.000857215178630271 0.000857215178630271
2.67535070140281 230 1.30079713336606e-21 0.00260487897090753 0.00260487897090753 0.00260487897090753 0.00260487897090753
2.68537074148297 230 3.74524751942599e-22 0.00258370294957386 0.00258370294957386 0.00258370294957386 0.00258370294957386
2.69539078156313 230 2.34334747208296e-25 0.00119668815577791 0.00119668815577791 0.00119668815577791 0.00119668815577791
2.70541082164329 230 5.43639301774374e-27 0.00085721517863027 0.00085721517863027 0.00085721517863027 0.00085721517863027
2.71543086172345 230 1.40331228497915e-20 0.0032835752058462 0.0032835752058462 0.0032835752058462 0.0032835752058462
2.72545090180361 230 3.1248866761557e-24 0.00146868411381356 0.00146868411381356 0.00146868411381356 0.00146868411381356
2.73547094188377 230 5.43639301774374e-27 0.00085721517863027 0.00085721517863027 0.00085721517863027 0.00085721517863027
2.74549098196393 230 1.90337151735383e-25 0.00112495408558366 0.00112495408558366 0.00112495408558366 0.00112495408558366
2.75551102204409 230 2.34334747208296e-25 0.00119668815577791 0.00119668815577791 0.00119668815577791 0.00119668815577791
2.76553106212425 230 6.64834770226182e-23 0.00205749719626103 0.00205749719626103 0.00205749719626103 0.00205749719626103
2.77555110220441 230 5.43639301774374e-27 0.00085721517863027 0.00085721517863027 0.00085721517863027 0.00085721517863027
2.78557114228457 230 2.34334747208296e-25 0.00119668815577791 0.00119668815577791 0.00119668815577791 0.00119668815577791
2.79559118236473 230 5.43639301774374e-27 0.00085721517863027 0.00085721517863027 0.00085721517863027 0.00085721517863027
2.80561122244489 230 2.34334747208296e-25 0.00119668815577791 0.00119668815577791 0.00119668815577791 0.00119668815577791
2.81563126252505 230 2.34334747208296e-25 0.00119668815577791 0.00119668815577791 0.00119668815577791 0.00119668815577791
2.82565130260521 230 5.43639301774385e-27 0.000857215178630271 0.000857215178630271 0.000857215178630271 0.000857215178630271
2.83567134268537 230 5.43639301774385e-27 0.000857215178630271 0.000857215178630271 0.000857215178630271 0.000857215178630271
2.84569138276553 230 6.64834770226182e-23 0.00205749719626103 0.00205749719626103 0.00205749719626103 0.00205749719626103
2.85571142284569 230 2.34334747208296e-25 0.00119668815577791 0.00119668815577791 0.00119668815577791 0.00119668815577791
2.86573146292585 230 8.86359236423503e-25 0.00137589137638718 0.00137589137638718 0.00137589137638718 0.00137589137638718
2.87575150300601 230 1.90337151735383e-25 0.00112495408558366 0.00112495408558366 0.00112495408558366 0.00112495408558366
2.88577154308617 230 2.34334747208296e-25 0.00119668815577791 0.00119668815577791 0.00119668815577791 0.00119668815577791
2.89579158316633 230 5.43639301774385e-27 0.000857215178630271 0.000857215178630271 0.000857215178630271 0.000857215178630271
2.90581162324649 230 5.43639301774385e-27 0.000857215178630271 0.000857215178630271 0.000857215178630271 0.000857215178630271
2.91583166332665 230 5.43639301774374e-27 0.00085721517863027 0.00085721517863027 0.00085721517863027 0.00085721517863027
2.92585170340681 230 5.43639301774374e-27 0.00085721517863027 0.00085721517863027 0.00085721517863027 0.00085721517863027
2.93587174348697 230 2.44188655795525e-24 0.00143538922550445 0.00143538922550445 0.00143538922550445 0.00143538922550445
2.94589178356713 230 5.43639301774374e-27 0.00085721517863027 0.00085721517863027 0.00085721517863027 0.00085721517863027
2.95591182364729 230 2.34334747208296e-25 0.00119668815577791 0.00119668815577791 0.00119668815577791 0.00119668815577791
2.96593186372746 230 5.43639301774385e-27 0.000857215178630271 0.000857215178630271 0.000857215178630271 0.000857215178630271
2.97595190380762 230 1.90337151735383e-25 0.00112495408558366 0.00112495408558366 0.00112495408558366 0.00112495408558366
2.98597194388778 230 1.9033715173539e-25 0.00112495408558366 0.00112495408558366 0.00112495408558366 0.00112495408558366
2.99599198396794 230 5.43639301774374e-27 0.00085721517863027 0.00085721517863027 0.00085721517863027 0.00085721517863027
3.0060120240481 230 5.43639301774385e-27 0.000857215178630271 0.000857215178630271 0.000857215178630271 0.000857215178630271
3.01603206412826 230 5.43639301774385e-27 0.000857215178630271 0.000857215178630271 0.000857215178630271 0.000857215178630271
3.02605210420842 230 5.43639301774385e-27 0.000857215178630271 0.000857215178630271 0.000857215178630271 0.000857215178630271
3.03607214428858 230 1.90337151735383e-25 0.00112495408558366 0.00112495408558366 0.00112495408558366 0.00112495408558366
3.04609218436874 230 5.43639301774374e-27 0.00085721517863027 0.00085721517863027 0.00085721517863027 0.00085721517863027
3.0561122244489 230 5.43639301774374e-27 0.00085721517863027 0.00085721517863027 0.00085721517863027 0.00085721517863027
3.06613226452906 230 5.43639301774374e-27 0.00085721517863027 0.00085721517863027 0.00085721517863027 0.00085721517863027
3.07615230460922 230 5.43639301774385e-27 0.000857215178630271 0.000857215178630271 0.000857215178630271 0.000857215178630271
3.08617234468938 230 5.43639301774374e-27 0.00085721517863027 0.00085721517863027 0.00085721517863027 0.00085721517863027
3.09619238476954 230 5.43639301774385e-27 0.000857215178630271 0.000857215178630271 0.000857215178630271 0.000857215178630271
3.1062124248497 230 5.43639301774385e-27 0.000857215178630271 0.000857215178630271 0.000857215178630271 0.000857215178630271
3.11623246492986 230 5.43639301774385e-27 0.000857215178630271 0.000857215178630271 0.000857215178630271 0.000857215178630271
3.12625250501002 230 5.43639301774385e-27 0.000857215178630271 0.000857215178630271 0.000857215178630271 0.000857215178630271
3.13627254509018 220 1.92462053525968e-26 0.000694195945920121 0.000694195945920121 0.000694195945920121 0.000694195945920121
3.14629258517034 220 1.35788413371171e-26 0.000656180304161207 0.000656180304161207 0.000656180304161207 0.000656180304161207
3.1563126252505 220 1.35788413371171e-26 0.000656180304161207 0.000656180304161207 0.000656180304161207 0.000656180304161207
3.16633266533066 220 3.20387865258772e-31 0.000229163481448377 0.000229163481448377 0.000229163481448377 0.000229163481448377
3.17635270541082 220 3.20387865258772e-31 0.000229163481448377 0.000229163481448377 0.000229163481448377 0.000229163481448377
3.18637274549098 220 3.6321855339088e-26 0.000705667981355232 0.000705667981355232 0.000705667981355232 0.000705667981355232
3.19639278557114 220 1.92462053525968e-26 0.000694195945920121 0.000694195945920121 0.000694195945920121 0.000694195945920121
3.2064128256513 220 3.20387865258772e-31 0.000229163481448377 0.000229163481448377 0.000229163481448377 0.000229163481448377
3.21643286573146 220 2.29153481117559e-29 0.000342294702055478 0.000342294702055478 0.000342294702055478 0.000342294702055478
3.22645290581162 220 3.20387865258785e-31 0.000229163481448378 0.000229163481448378 0.000229163481448378 0.000229163481448378
3.23647294589178 220 2.29153481117559e-29 0.000342294702055478 0.000342294702055478 0.000342294702055478 0.000342294702055478
3.24649298597194 220 3.20387865258772e-31 0.000229163481448377 0.000229163481448377 0.000229163481448377 0.000229163481448377
3.2565130260521 220 2.29153481117559e-29 0.000342294702055478 0.000342294702055478 0.000342294702055478 0.000342294702055478
3.26653306613226 220 3.20387865258772e-31 0.000229163481448377 0.000229163481448377 0.000229163481448377 0.000229163481448377
3.27655310621242 220 3.20387865258772e-31 0.000229163481448377 0.000229163481448377 0.000229163481448377 0.000229163481448377
3.28657314629258 220 2.29153481117559e-29 0.000342294702055478 0.000342294702055478 0.000342294702055478 0.000342294702055478
3.29659318637275 220 3.20387865258785e-31 0.000229163481448378 0.000229163481448378 0.000229163481448378 0.000229163481448378
3.30661322645291 220 2.29153481117559e-29 0.000342294702055478 0.000342294702055478 0.000342294702055478 0.000342294702055478
3.31663326653307 220 3.20387865258785e-31 0.000229163481448378 0.000229163481448378 0.000229163481448378 0.000229163481448378
3.32665330661323 220 3.20387865258785e-31 0.000229163481448378 0.000229163481448378 0.000229163481448378 0.000229163481448378
3.33667334669339 220 3.20387865258772e-31 0.000229163481448377 0.000229163481448377 0.000229163481448377 0.000229163481448377
3.34669338677355 220 2.29153481117559e-29 0.000342294702055478 0.000342294702055478 0.000342294702055478 0.000342294702055478
3.35671342685371 220 2.29153481117559e-29 0.000342294702055478 0.000342294702055478 0.000342294702055478 0.000342294702055478
3.36673346693387 220 3.20387865258772e-31 0.000229163481448377 0.000229163481448377 0.000229163481448377 0.000229163481448377
3.37675350701403 220 3.20387865258785e-31 0.000229163481448378 0.000229163481448378 0.000229163481448378 0.000229163481448378
3.38677354709419 220 3.20387865258785e-31 0.000229163481448378 0.000229163481448378 0.000229163481448378 0.000229163481448378
3.39679358717435 220 3.20387865258785e-31 0.000229163481448378 0.000229163481448378 0.000229163481448378 0.000229163481448378
3.40681362725451 220 3.20387865258772e-31 0.000229163481448377 0.000229163481448377 0.000229163481448377 0.000229163481448377
3.41683366733467 220 3.20387865258785e-31 0.000229163481448378 0.000229163481448378 0.000229163481448378 0.000229163481448378
3.42685370741483 220 3.20387865258785e-31 0.000229163481448378 0.000229163481448378 0.000229163481448378 0.000229163481448378
3.43687374749499 220 3.20387865258772e-31 0.000229163481448377 0.000229163481448377 0.000229163481448377 0.000229163481448377
3.44689378757515 220 3.20387865258772e-31 0.000229163481448377 0.000229163481448377 0.000229163481448377 0.000229163481448377
3.45691382765531 220 3.20387865258785e-31 0.000229163481448378 0.000229163481448378 0.000229163481448378 0.000229163481448378
3.46693386773547 220 3.20387865258772e-31 0.000229163481448377 0.000229163481448377 0.000229163481448377 0.000229163481448377
3.47695390781563 220 3.20387865258772e-31 0.000229163481448377 0.000229163481448377 0.000229163481448377 0.000229163481448377
3.48697394789579 220 3.20387865258785e-31 0.000229163481448378 0.000229163481448378 0.000229163481448378 0.000229163481448378
3.49699398797595 220 3.20387865258785e-31 0.000229163481448378 0.000229163481448378 0.000229163481448378 0.000229163481448378
3.50701402805611 210 4.29443700253731e-30 0.000196407252847911 0.000196407252847911 0.000196407252847911 0.000196407252847911
3.51703406813627 210 2.68685524793574e-29 0.000209943181971831 0.000209943181971831 0.000209943181971831 0.000209943181971831
3.52705410821643 210 4.29443700253731e-30 0.000196407252847911 0.000196407252847911 0.000196407252847911 0.000196407252847911
3.53707414829659 210 4.29443700253731e-30 0.000196407252847911 0.000196407252847911 0.000196407252847911 0.000196407252847911
3.54709418837675 205 2.32192007750881e-38 3.66491731867245e-05 3.66491731867245e-05 3.66491731867245e-05 3.66491731867245e-05
3.55711422845691 205 1.61025157098165e-37 4.56383084841338e-05 4.56383084841338e-05 4.56383084841338e-05 4.56383084841338e-05
3.56713426853707 205 1.13187651230373e-32 0.000134854309857102 0.000134854309857102 0.000134854309857102 0.000134854309857102
3.57715430861723 205 1.61025157098165e-37 4.56383084841338e-05 4.56383084841338e-05 4.56383084841338e-05 4.56383084841338e-05
3.5871743486974 205 2.38237764923152e-33 0.000119923811485913 0.000119923811485913 0.000119923811485913 0.000119923811485913
3.59719438877756 205 1.13630034493963e-34 5.44962828909661e-05 5.44962828909661e-05 5.44962828909661e-05 5.44962828909661e-05
3.60721442885772 205 1.13630034493963e-34 5.44962828909661e-05 5.44962828909661e-05 5.44962828909661e-05 5.44962828909661e-05
3.61723446893788 205 1.13630034493961e-34 5.44962828909659e-05 5.44962828909659e-05 5.44962828909659e-05 5.44962828909659e-05
3.62725450901804 205 1.0560345066474e-33 0.000122446085605095 0.000122446085605095 0.000122446085605095 0.000122446085605095
3.6372745490982 205 1.13630034493963e-34 5.44962828909661e-05 5.44962828909661e-05 5.44962828909661e-05 5.44962828909661e-05
3.64729458917836 205 1.13630034493963e-34 5.44962828909661e-05 5.44962828909661e-05 5.44962828909661e-05 5.44962828909661e-05
3.65731462925852 205 1.13630034493963e-34 5.44962828909661e-05 5.44962828909661e-05 5.44962828909661e-05 5.44962828909661e-05
3.66733466933868 205 1.13630034493961e-34 5.44962828909659e-05 5.44962828909659e-05 5.44962828909659e-05 5.44962828909659e-05
3.67735470941884 205 1.13630034493963e-34 5.44962828909661e-05 5.44962828909661e-05 5.44962828909661e-05 5.44962828909661e-05
3.687374749499 205 2.32192007750881e-38 3.66491731867245e-05 3.66491731867245e-05 3.66491731867245e-05 3.66491731867245e-05
3.69739478957916 205 2.32192007750881e-38 3.66491731867245e-05 3.66491731867245e-05 3.66491731867245e-05 3.66491731867245e-05
3.70741482965932 205 2.32192007750881e-38 3.66491731867245e-05 3.66491731867245e-05 3.66491731867245e-05 3.66491731867245e-05
3.71743486973948 205 1.13630034493961e-34 5.44962828909659e-05 5.44962828909659e-05 5.44962828909659e-05 5.44962828909659e-05
3.72745490981964 205 2.32192007750881e-38 3.66491731867245e-05 3.66491731867245e-05 3.66491731867245e-05 3.66491731867245e-05
3.7374749498998 205 1.13630034493963e-34 5.44962828909661e-05 5.44962828909661e-05 5.44962828909661e-05 5.44962828909661e-05
3.74749498997996 205 2.32192007750881e-38 3.66491731867245e-05 3.66491731867245e-05 3.66491731867245e-05 3.66491731867245e-05
3.75751503006012 205 1.13630034493963e-34 5.44962828909661e-05 5.44962828909661e-05 5.44962828909661e-05 5.44962828909661e-05
3.76753507014028 205 2.32192007750881e-38 3.66491731867245e-05 3.66491731867245e-05 3.66491731867245e-05 3.66491731867245e-05
3.77755511022044 205 1.61025157098165e-37 4.56383084841338e-05 4.56383084841338e-05 4.56383084841338e-05 4.56383084841338e-05
3.7875751503006 205 1.61025157098165e-37 4.56383084841338e-05 4.56383084841338e-05 4.56383084841338e-05 4.56383084841338e-05
3.79759519038076 205 2.32192007750881e-38 3.66491731867245e-05 3.66491731867245e-05 3.66491731867245e-05 3.66491731867245e-05
3.80761523046092 205 2.32192007750881e-38 3.66491731867245e-05 3.66491731867245e-05 3.66491731867245e-05 3.66491731867245e-05
3.81763527054108 205 1.13630034493963e-34 5.44962828909661e-05 5.44962828909661e-05 5.44962828909661e-05 5.44962828909661e-05
3.82765531062124 205 1.13630034493961e-34 5.44962828909659e-05 5.44962828909659e-05 5.44962828909659e-05 5.44962828909659e-05
3.8376753507014 205 1.13630034493961e-34 5.44962828909659e-05 5.44962828909659e-05 5.44962828909659e-05 5.44962828909659e-05
3.84769539078156 205 1.13630034493961e-34 5.44962828909659e-05 5.44962828909659e-05 5.44962828909659e-05 5.44962828909659e-05
3.85771543086172 205 1.61025157098165e-37 4.56383084841338e-05 4.56383084841338e-05 4.56383084841338e-05 4.56383084841338e-05
3.86773547094188 205 2.32192007750881e-38 3.66491731867245e-05 3.66491731867245e-05 3.66491731867245e-05 3.66491731867245e-05
3.87775551102204 205 2.32192007750881e-38 3.66491731867245e-05 3.66491731867245e-05 3.66491731867245e-05 3.66491731867245e-05
3.8877755511022 205 1.61025157098165e-37 4.56383084841338e-05 4.56383084841338e-05 4.56383084841338e-05 4.56383084841338e-05
3.89779559118236 205 2.32192007750881e-38 3.66491731867245e-05 3.66491731867245e-05 3.66491731867245e-05 3.66491731867245e-05
3.90781563126253 205 1.61025157098165e-37 4.56383084841338e-05 4.56383084841338e-05 4.56383084841338e-05 4.56383084841338e-05
3.91783567134269 205 2.32192007750881e-38 3.66491731867245e-05 3.66491731867245e-05 3.66491731867245e-05 3.66491731867245e-05
3.92785571142285 205 2.32192007750881e-38 3.66491731867245e-05 3.66491731867245e-05 3.66491731867245e-05 3.66491731867245e-05
3.93787575150301 205 2.32192007750881e-38 3.66491731867245e-05 3.66491731867245e-05 3.66491731867245e-05 3.66491731867245e-05
3.94789579158317 205 2.32192007750881e-38 3.66491731867245e-05 3.66491731867245e-05 3.66491731867245e-05 3.66491731867245e-05
3.95791583166333 205 2.32192007750881e-38 3.66491731867245e-05 3.66491731867245e-05 3.66491731867245e-05 3.66491731867245e-05
3.96793587174349 200 8.0792817226419e-52 5.04078431862078e-06 5.04078431862078e-06 5.04078431862078e-06 5.04078431862078e-06
3.97795591182365 200 9.89753232886304e-45 2.05636874961777e-05 2.05636874961777e-05 2.05636874961777e-05 2.05636874961777e-05
3.98797595190381 200 6.87345483296836e-63 6.63542647864026e-07 6.63542647864026e-07 6.63542647864026e-07 6.63542647864026e-07
3.99799599198397 200 6.87345483296796e-63 6.63542647864023e-07 6.63542647864023e-07 6.63542647864023e-07 6.63542647864023e-07
4.00801603206413 200 8.07928172264234e-52 5.04078431862078e-06 5.04078431862078e-06 5.04078431862078e-06 5.04078431862078e-06
4.01803607214429 200 6.87345483296796e-63 6.63542647864023e-07 6.63542647864023e-07 6.63542647864023e-07 6.63542647864023e-07
4.02805611222445 200 8.77123489457336e-52 5.21339138587952e-06 5.21339138587952e-06 5.21339138587952e-06 5.21339138587952e-06
4.03807615230461 200 9.89753232886304e-45 2.05636874961777e-05 2.05636874961777e-05 2.05636874961777e-05 2.05636874961777e-05
4.04809619238477 200 3.12444977302021e-43 2.12876618961463e-05 2.12876618961463e-05 2.12876618961463e-05 2.12876618961463e-05
4.05811623246493 200 6.39989737635552e-56 2.00561962361408e-06 2.00561962361408e-06 2.00561962361408e-06 2.00561962361408e-06
4.06813627254509 200 6.87345483296836e-63 6.63542647864026e-07 6.63542647864026e-07 6.63542647864026e-07 6.63542647864026e-07
4.07815631262525 200 6.87345483296836e-63 6.63542647864026e-07 6.63542647864026e-07 6.63542647864026e-07 6.63542647864026e-07
4.08817635270541 200 6.87345483296836e-63 6.63542647864026e-07 6.63542647864026e-07 6.63542647864026e-07 6.63542647864026e-07
4.09819639278557 200 2.38273884760228e-53 3.82674225875763e-06 3.82674225875763e-06 3.82674225875763e-06 3.82674225875763e-06
4.10821643286573 200 6.87345483296836e-63 6.63542647864026e-07 6.63542647864026e-07 6.63542647864026e-07 6.63542647864026e-07
4.11823647294589 200 2.38273884760228e-53 3.82674225875763e-06 3.82674225875763e-06 3.82674225875763e-06 3.82674225875763e-06
4.12825651302605 200 7.00772776612497e-54 3.6495729966934e-06 3.6495729966934e-06 3.6495729966934e-06 3.6495729966934e-06
4.13827655310621 200 6.87345483296836e-63 6.63542647864026e-07 6.63542647864026e-07 6.63542647864026e-07 6.63542647864026e-07
4.14829659318637 200 6.87345483296836e-63 6.63542647864026e-07 6.63542647864026e-07 6.63542647864026e-07 6.63542647864026e-07
4.15831663326653 200 2.84798169424672e-57 1.83214515738144e-06 1.83214515738144e-06 1.83214515738144e-06 1.83214515738144e-06
4.16833667334669 200 6.87345483296836e-63 6.63542647864026e-07 6.63542647864026e-07 6.63542647864026e-07 6.63542647864026e-07
4.17835671342685 200 6.87345483296836e-63 6.63542647864026e-07 6.63542647864026e-07 6.63542647864026e-07 6.63542647864026e-07
4.18837675350701 200 6.87345483296796e-63 6.63542647864023e-07 6.63542647864023e-07 6.63542647864023e-07 6.63542647864023e-07
4.19839679358717 200 2.84798169424672e-57 1.83214515738144e-06 1.83214515738144e-06 1.83214515738144e-06 1.83214515738144e-06
4.20841683366733 200 6.87345483296796e-63 6.63542647864023e-07 6.63542647864023e-07 6.63542647864023e-07 6.63542647864023e-07
4.21843687374749 200 4.37411215116062e-52 5.33735405105077e-06 5.33735405105077e-06 5.33735405105077e-06 5.33735405105077e-06
4.22845691382765 200 6.87345483296836e-63 6.63542647864026e-07 6.63542647864026e-07 6.63542647864026e-07 6.63542647864026e-07
4.23847695390782 200 2.29504337486919e-49 9.39523444849572e-06 9.39523444849572e-06 9.39523444849572e-06 9.39523444849572e-06
4.24849699398798 200 6.39989737635552e-56 2.00561962361408e-06 2.00561962361408e-06 2.00561962361408e-06 2.00561962361408e-06
4.25851703406814 200 2.02855690206175e-49 8.40279845242717e-06 8.40279845242717e-06 8.40279845242717e-06 8.40279845242717e-06
4.2685370741483 200 8.77123489457336e-52 5.21339138587952e-06 5.21339138587952e-06 5.21339138587952e-06 5.21339138587952e-06
4.27855711422846 200 6.87345483296836e-63 6.63542647864026e-07 6.63542647864026e-07 6.63542647864026e-07 6.63542647864026e-07
4.28857715430862 200 6.87345483296796e-63 6.63542647864023e-07 6.63542647864023e-07 6.63542647864023e-07 6.63542647864023e-07
4.29859719438878 200 1.37648160054604e-50 6.47483414103933e-06 6.47483414103933e-06 6.47483414103933e-06 6.47483414103933e-06
4.30861723446894 200 1.13374583155903e-58 1.19039364317612e-06 1.19039364317612e-06 1.19039364317612e-06 1.19039364317612e-06
4.3186372745491 200 7.00772776612535e-54 3.64957299669342e-06 3.64957299669342e-06 3.64957299669342e-06 3.64957299669342e-06
4.32865731462926 200 6.87345483296796e-63 6.63542647864023e-07 6.63542647864023e-07 6.63542647864023e-07 6.63542647864023e-07
4.33867735470942 200 6.39989737635552e-56 2.00561962361408e-06 2.00561962361408e-06 2.00561962361408e-06 2.00561962361408e-06
4.34869739478958 200 6.87345483296836e-63 6.63542647864026e-07 6.63542647864026e-07 6.63542647864026e-07 6.63542647864026e-07
4.35871743486974 200 6.87345483296836e-63 6.63542647864026e-07 6.63542647864026e-07 6.63542647864026e-07 6.63542647864026e-07
4.3687374749499 200 6.39989737635552e-56 2.00561962361408e-06 2.00561962361408e-06 2.00561962361408e-06 2.00561962361408e-06
4.37875751503006 200 6.39989737635552e-56 2.00561962361408e-06 2.00561962361408e-06 2.00561962361408e-06 2.00561962361408e-06
4.38877755511022 200 6.87345483296836e-63 6.63542647864026e-07 6.63542647864026e-07 6.63542647864026e-07 6.63542647864026e-07
4.39879759519038 200 6.87345483296836e-63 6.63542647864026e-07 6.63542647864026e-07 6.63542647864026e-07 6.63542647864026e-07
4.40881763527054 200 6.87345483296836e-63 6.63542647864026e-07 6.63542647864026e-07 6.63542647864026e-07 6.63542647864026e-07
4.4188376753507 200 6.87345483296836e-63 6.63542647864026e-07 6.63542647864026e-07 6.63542647864026e-07 6.63542647864026e-07
4.42885771543086 200 6.87345483296796e-63 6.63542647864023e-07 6.63542647864023e-07 6.63542647864023e-07 6.63542647864023e-07
4.43887775551102 200 6.87345483296796e-63 6.63542647864023e-07 6.63542647864023e-07 6.63542647864023e-07 6.63542647864023e-07
4.44889779559118 200 1.19499600007566e-58 1.35909594361576e-06 1.35909594361576e-06 1.35909594361576e-06 1.35909594361576e-06
4.45891783567134 200 6.87345483296836e-63 6.63542647864026e-07 6.63542647864026e-07 6.63542647864026e-07 6.63542647864026e-07
4.4689378757515 200 2.84798169424672e-57 1.83214515738144e-06 1.83214515738144e-06 1.83214515738144e-06 1.83214515738144e-06
4.47895791583166 200 6.87345483296796e-63 6.63542647864023e-07 6.63542647864023e-07 6.63542647864023e-07 6.63542647864023e-07
4.48897795591182 200 6.87345483296836e-63 6.63542647864026e-07 6.63542647864026e-07 6.63542647864026e-07 6.63542647864026e-07
4.49899799599198 200 6.87345483296836e-63 6.63542647864026e-07 6.63542647864026e-07 6.63542647864026e-07 6.63542647864026e-07
4.50901803607214 200 6.87345483296836e-63 6.63542647864026e-07 6.63542647864026e-07 6.63542647864026e-07 6.63542647864026e-07
4.51903807615231 200 6.87345483296796e-63 6.63542647864023e-07 6.63542647864023e-07 6.63542647864023e-07 6.63542647864023e-07
4.52905811623246 200 6.87345483296836e-63 6.63542647864026e-07 6.63542647864026e-07 6.63542647864026e-07 6.63542647864026e-07
4.53907815631263 200 6.87345483296836e-63 6.63542647864026e-07 6.63542647864026e-07 6.63542647864026e-07 6.63542647864026e-07
4.54909819639279 200 6.87345483296796e-63 6.63542647864023e-07 6.63542647864023e-07 6.63542647864023e-07 6.63542647864023e-07
4.55911823647295 200 6.87345483296796e-63 6.63542647864023e-07 6.63542647864023e-07 6.63542647864023e-07 6.63542647864023e-07
4.56913827655311 200 6.87345483296836e-63 6.63542647864026e-07 6.63542647864026e-07 6.63542647864026e-07 6.63542647864026e-07
4.57915831663327 200 2.84798169424672e-57 1.83214515738144e-06 1.83214515738144e-06 1.83214515738144e-06 1.83214515738144e-06
4.58917835671343 200 1.18449150833265e-55 2.10628728817483e-06 2.10628728817483e-06 2.10628728817483e-06 2.10628728817483e-06
4.59919839679359 200 6.87345483296796e-63 6.63542647864023e-07 6.63542647864023e-07 6.63542647864023e-07 6.63542647864023e-07
4.60921843687375 200 6.87345483296796e-63 6.63542647864023e-07 6.63542647864023e-07 6.63542647864023e-07 6.63542647864023e-07
4.61923847695391 200 6.87345483296796e-63 6.63542647864023e-07 6.63542647864023e-07 6.63542647864023e-07 6.63542647864023e-07
4.62925851703407 200 6.87345483296836e-63 6.63542647864026e-07 6.63542647864026e-07 6.63542647864026e-07 6.63542647864026e-07
4.63927855711423 200 1.19499600007566e-58 1.35909594361576e-06 1.35909594361576e-06 1.35909594361576e-06 1.35909594361576e-06
4.64929859719439 200 6.87345483296796e-63 6.63542647864023e-07 6.63542647864023e-07 6.63542647864023e-07 6.63542647864023e-07
4.65931863727455 200 6.87345483296796e-63 6.63542647864023e-07 6.63542647864023e-07 6.63542647864023e-07 6.63542647864023e-07
4.66933867735471 200 6.87345483296796e-63 6.63542647864023e-07 6.63542647864023e-07 6.63542647864023e-07 6.63542647864023e-07
4.67935871743487 200 6.87345483296796e-63 6.63542647864023e-07 6.63542647864023e-07 6.63542647864023e-07 6.63542647864023e-07
4.68937875751503 200 6.87345483296796e-63 6.63542647864023e-07 6.63542647864023e-07 6.63542647864023e-07 6.63542647864023e-07
4.69939879759519 200 1.13374583155903e-58 1.19039364317612e-06 1.19039364317612e-06 1.19039364317612e-06 1.19039364317612e-06
4.70941883767535 200 6.87345483296796e-63 6.63542647864023e-07 6.63542647864023e-07 6.63542647864023e-07 6.63542647864023e-07
4.71943887775551 200 6.87345483296796e-63 6.63542647864023e-07 6.63542647864023e-07 6.63542647864023e-07 6.63542647864023e-07
4.72945891783567 200 6.87345483296796e-63 6.63542647864023e-07 6.63542647864023e-07 6.63542647864023e-07 6.63542647864023e-07
4.73947895791583 200 6.87345483296796e-63 6.63542647864023e-07 6.63542647864023e-07 6.63542647864023e-07 6.63542647864023e-07
4.74949899799599 200 6.87345483296796e-63 6.63542647864023e-07 6.63542647864023e-07 6.63542647864023e-07 6.63542647864023e-07
4.75951903807615 200 6.87345483296836e-63 6.63542647864026e-07 6.63542647864026e-07 6.63542647864026e-07 6.63542647864026e-07
4.76953907815631 200 6.87345483296796e-63 6.63542647864023e-07 6.63542647864023e-07 6.63542647864023e-07 6.63542647864023e-07
4.77955911823647 200 6.87345483296836e-63 6.63542647864026e-07 6.63542647864026e-07 6.63542647864026e-07 6.63542647864026e-07
4.78957915831663 200 6.87345483296796e-63 6.63542647864023e-07 6.63542647864023e-07 6.63542647864023e-07 6.63542647864023e-07
4.79959919839679 200 6.87345483296836e-63 6.63542647864026e-07 6.63542647864026e-07 6.63542647864026e-07 6.63542647864026e-07
4.80961923847695 200 6.87345483296796e-63 6.63542647864023e-07 6.63542647864023e-07 6.63542647864023e-07 6.63542647864023e-07
4.81963927855711 200 6.87345483296796e-63 6.63542647864023e-07 6.63542647864023e-07 6.63542647864023e-07 6.63542647864023e-07
4.82965931863727 200 6.87345483296796e-63 6.63542647864023e-07 6.63542647864023e-07 6.63542647864023e-07 6.63542647864023e-07
4.83967935871743 190 4.68589638678694e-59 5.03254734504606e-07 5.03254734504606e-07 5.03254734504606e-07 5.03254734504606e-07
4.8496993987976 190 4.40530971446007e-59 4.35986582562427e-07 4.35986582562427e-07 4.35986582562427e-07 4.35986582562427e-07
4.85971943887776 190 4.40530971446007e-59 4.35986582562427e-07 4.35986582562427e-07 4.35986582562427e-07 4.35986582562427e-07
4.86973947895792 190 5.58114829353324e-72 3.74333903387237e-08 3.74333903387237e-08 3.74333903387237e-08 3.74333903387237e-08
4.87975951903808 190 4.40530971446007e-59 4.35986582562427e-07 4.35986582562427e-07 4.35986582562427e-07 4.35986582562427e-07
4.88977955911824 190 5.58114829353324e-72 3.74333903387237e-08 3.74333903387237e-08 3.74333903387237e-08 3.74333903387237e-08
4.8997995991984 190 2.41615601371574e-59 4.50240076154334e-07 4.50240076154334e-07 4.50240076154334e-07 4.50240076154334e-07
4.90981963927856 190 4.40530971446007e-59 4.35986582562427e-07 4.35986582562427e-07 4.35986582562427e-07 4.35986582562427e-07
4.91983967935872 190 5.80702740383599e-60 4.20802691040488e-07 4.20802691040488e-07 4.20802691040488e-07 4.20802691040488e-07
4.92985971943888 190 4.03101089236301e-67 9.03462779043812e-08 9.03462779043812e-08 9.03462779043812e-08 9.03462779043812e-08
4.93987975951904 190 5.5811482935336e-72 3.74333903387239e-08 3.74333903387239e-08 3.74333903387239e-08 3.74333903387239e-08
4.9498997995992 190 5.58114829353324e-72 3.74333903387237e-08 3.74333903387237e-08 3.74333903387237e-08 3.74333903387237e-08
4.95991983967936 190 4.03101089236301e-67 9.03462779043812e-08 9.03462779043812e-08 9.03462779043812e-08 9.03462779043812e-08
4.96993987975952 190 5.5811482935336e-72 3.74333903387239e-08 3.74333903387239e-08 3.74333903387239e-08 3.74333903387239e-08
4.97995991983968 190 5.58114829353324e-72 3.74333903387237e-08 3.74333903387237e-08 3.74333903387237e-08 3.74333903387237e-08
4.98997995991984 190 5.58114829353324e-72 3.74333903387237e-08 3.74333903387237e-08 3.74333903387237e-08 3.74333903387237e-08
5 190 5.58114829353324e-72 3.74333903387237e-08 3.74333903387237e-08 3.74333903387237e-08 3.74333903387237e-08
