"PARAM" "OV" "PCV1" "PCV2" "PCV3" "PCV4" "PCV5"
0 395 0.332039218898577 0.267318779559725 0.402534484863281 0.362191991486113 0
0.00180360721442886 395 0.33203921889843 0.267319753300013 0.402534484863281 0.362185362839612 0
0.00360721442885772 395 0.332039218898577 0.267318779559725 0.402534484863281 0.362191991486113 0
0.00541082164328657 395 0.33203921889843 0.267319753300013 0.402534484863281 0.362185362839612 0
0.00721442885771543 395 0.332039218898577 0.267318779559725 0.402534484863281 0.362191991486113 0
0.00901803607214429 395 0.33203921889843 0.267319753300013 0.402534484863281 0.362185362839612 0
0.0108216432865731 395 0.33203921889843 0.267319753300013 0.402534484863281 0.362185362839612 0
0.012625250501002 395 0.332039218898577 0.267318779559725 0.402534484863281 0.362191991486113 0
0.0144288577154309 395 0.332039218898577 0.267318779559725 0.402534484863281 0.362191991486113 0
0.0162324649298597 395 0.332039218898577 0.267318779559725 0.402534484863281 0.362191991486113 0
0.0180360721442886 395 0.33203921889843 0.267319753300013 0.402534484863281 0.362185362839612 0
0.0198396793587174 395 0.332039218898577 0.267318779559725 0.402534484863281 0.362191991486113 0
0.0216432865731463 395 0.371195261832954 0.319197455904993 0.425811767578125 0.394775190279927 0
0.0234468937875752 395 0.332039218898577 0.267318779559725 0.402534484863281 0.362191991486113 0
0.025250501002004 395 0.33203921889843 0.267319753300013 0.402534484863281 0.362185362839612 0
0.0270541082164329 395 0.332039218898577 0.267318779559725 0.402534484863281 0.362191991486113 0
0.0288577154308617 395 0.332039218898577 0.267318779559725 0.402534484863281 0.362191991486113 0
0.0306613226452906 395 0.33203921889843 0.267319753300013 0.402534484863281 0.362185362839612 0
0.0324649298597194 395 0.371195261832524 0.319196145028016 0.425811767578125 0.394769118332439 0
0.0342685370741483 395 0.371195261832954 0.319197455904993 0.425811767578125 0.394775190279927 0
0.0360721442885772 395 0.332039218898577 0.267318779559725 0.402534484863281 0.362191991486113 0
0.037875751503006 395 0.33203921889843 0.267319753300013 0.402534484863281 0.362185362839612 0
0.0396793587174349 395 0.33203921889843 0.267319753300013 0.402534484863281 0.362185362839612 0
0.0414829659318637 395 0.33203921889843 0.267319753300013 0.402534484863281 0.362185362839612 0
0.0432865731462926 395 0.33203921889843 0.267319753300013 0.402534484863281 0.362185362839612 0
0.0450901803607214 395 0.33203921889843 0.267319753300013 0.402534484863281 0.362185362839612 0
0.0468937875751503 395 0.332039218898577 0.267318779559725 0.402534484863281 0.362191991486113 0
0.0486973947895792 395 0.33203921889843 0.267319753300013 0.402534484863281 0.362185362839612 0
0.050501002004008 395 0.332039218898577 0.267318779559725 0.402534484863281 0.362191991486113 0
0.0523046092184369 395 0.33203921889843 0.267319753300013 0.402534484863281 0.362185362839612 0
0.0541082164328657 395 0.33203921889843 0.267319753300013 0.402534484863281 0.362185362839612 0
0.0559118236472946 395 0.332039218898577 0.267318779559725 0.402534484863281 0.362191991486113 0
0.0577154308617234 395 0.33203921889843 0.267319753300013 0.402534484863281 0.362185362839612 0
0.0595190380761523 395 0.33203921889843 0.267319753300013 0.402534484863281 0.362185362839612 0
0.0613226452905812 395 0.332039218898577 0.267318779559725 0.402534484863281 0.362191991486113 0
0.06312625250501 395 0.33203921889843 0.267319753300013 0.402534484863281 0.362185362839612 0
0.0649298597194389 395 0.33203921889843 0.267319753300013 0.402534484863281 0.362185362839612 0
0.0667334669338677 395 0.33203921889843 0.267319753300013 0.402534484863281 0.362185362839612 0
0.0685370741482966 395 0.33203921889843 0.267319753300013 0.402534484863281 0.362185362839612 0
0.0703406813627254 395 0.33203921889843 0.267319753300013 0.402534484863281 0.362185362839612 0
0.0721442885771543 385 0.328706321649534 0.2629807535881 0.400436401367188 0.35939829208259 0
0.0739478957915832 385 0.316884623813378 0.247971498888362 0.393035888671875 0.349410546662975 0
0.075751503006012 385 0.316884623813378 0.247971498888362 0.393035888671875 0.349410546662975 0
0.0775551102204409 385 0.221987669202034 0.136909099270093 0.331756591796875 0.267215734056311 0
0.0793587174348697 385 0.316884623813378 0.247971498888362 0.393035888671875 0.349410546662975 0
0.0811623246492986 385 0.313726442135438 0.243308576518322 0.391433715820312 0.346968758174044 0
0.0829659318637275 385 0.221987669202034 0.136909099270093 0.331756591796875 0.267215734056311 0
0.0847695390781563 385 0.221987669202035 0.136910485903283 0.331756591796875 0.267233273670383 0
0.0865731462925852 385 0.221987669202035 0.136910485903283 0.331756591796875 0.267233273670383 0
0.088376753507014 385 0.221987669202034 0.136909099270093 0.331756591796875 0.267215734056311 0
0.0901803607214429 385 0.221987669202034 0.136909099270093 0.331756591796875 0.267215734056311 0
0.0919839679358718 385 0.221987669202035 0.136910485903283 0.331756591796875 0.267233273670383 0
0.0937875751503006 385 0.221987669202035 0.136910485903283 0.331756591796875 0.267233273670383 0
0.0955911823647295 385 0.221987669202034 0.136909099270093 0.331756591796875 0.267215734056311 0
0.0973947895791583 385 0.221987669202034 0.136909099270093 0.331756591796875 0.267215734056311 0
0.0991983967935872 385 0.221987669202035 0.136910485903283 0.331756591796875 0.267233273670383 0
0.101002004008016 385 0.221987669202035 0.136910485903283 0.331756591796875 0.267233273670383 0
0.102805611222445 385 0.221987669202035 0.136910485903283 0.331756591796875 0.267233273670383 0
0.104609218436874 385 0.221987669202035 0.136910485903283 0.331756591796875 0.267233273670383 0
0.106412825651303 385 0.221987669202035 0.136910485903283 0.331756591796875 0.267233273670383 0
0.108216432865731 385 0.221987669202035 0.136910485903283 0.331756591796875 0.267233273670383 0
0.11002004008016 385 0.221987669202035 0.136910485903283 0.331756591796875 0.267233273670383 0
0.111823647294589 385 0.221987669202035 0.136910485903283 0.331756591796875 0.267233273670383 0
0.113627254509018 385 0.221987669202034 0.136909099270093 0.331756591796875 0.267215734056311 0
0.115430861723447 385 0.221987669202035 0.136910485903283 0.331756591796875 0.267233273670383 0
0.117234468937876 385 0.221987669202034 0.136909099270093 0.331756591796875 0.267215734056311 0
0.119038076152305 385 0.221987669202035 0.136910485903283 0.331756591796875 0.267233273670383 0
0.120841683366733 385 0.221987669202035 0.136910485903283 0.331756591796875 0.267233273670383 0
0.122645290581162 385 0.221987669202034 0.136909099270093 0.331756591796875 0.267215734056311 0
0.124448897795591 385 0.221987669202035 0.136910485903283 0.331756591796875 0.267233273670383 0
0.12625250501002 385 0.221987669202035 0.136910485903283 0.331756591796875 0.267233273670383 0
0.128056112224449 375 0.211067277738209 0.125683856837877 0.32403564453125 0.257342162826293 0
0.129859719438878 375 0.165006693210781 0.0819001778035143 0.29022216796875 0.214723027144293 0
0.131663326653307 375 0.0775243250430655 0.0208282159500382 0.212127685546875 0.125258229996688 0
0.133466933867735 375 0.136377726882879 0.058426495473054 0.267120361328125 0.186941130550681 0
0.135270541082164 375 0.178382499576425 0.0924908003328483 0.3023681640625 0.228325044657983 0
0.137074148296593 375 0.0828179318142605 0.0237141434888057 0.216751098632812 0.130790076337713 0
0.138877755511022 375 0.067071808765384 0.0160963458150478 0.1988525390625 0.112673334578651 0
0.140681362725451 375 0.0670718087653847 0.0160963314929778 0.1988525390625 0.112671193901864 0
0.14248496993988 375 0.206283122541434 0.119226876628376 0.322357177734375 0.253949520182071 0
0.144288577154309 375 0.170516845959184 0.0865929817684388 0.294631958007812 0.220043039095891 0
0.146092184368737 375 0.165006693210781 0.0819001778035143 0.29022216796875 0.214723027144293 0
0.147895791583166 375 0.0670718087653847 0.0160963314929778 0.1988525390625 0.112671193901864 0
0.149699398797595 375 0.17051684595919 0.0865927313971419 0.294631958007812 0.220045644435417 0
0.151503006012024 375 0.161048817772874 0.0784309820464906 0.287200927734375 0.210973360883197 0
0.153306613226453 375 0.067071808765384 0.0160963458150478 0.1988525390625 0.112673334578651 0
0.155110220440882 375 0.165006693210781 0.0819001778035143 0.29022216796875 0.214723027144293 0
0.156913827655311 375 0.0775243250430655 0.0208282159500382 0.212127685546875 0.125258229996688 0
0.158717434869739 375 0.0670718087653847 0.0160963314929778 0.1988525390625 0.112671193901864 0
0.160521042084168 375 0.136377726882885 0.0584262867034956 0.267120361328125 0.186951114111397 0
0.162324649298597 375 0.0775243250430655 0.0208282159500382 0.212127685546875 0.125258229996688 0
0.164128256513026 375 0.0775243250430641 0.0208281891135906 0.212127685546875 0.125257313733004 0
0.165931863727455 375 0.0670718087653847 0.0160963314929778 0.1988525390625 0.112671193901864 0
0.167735470941884 375 0.0670718087653847 0.0160963314929778 0.1988525390625 0.112671193901864 0
0.169539078156313 375 0.0828179318142578 0.0237143564528363 0.216751098632812 0.130793089422023 0
0.171342685370741 375 0.0775243250430655 0.0208282159500382 0.212127685546875 0.125258229996688 0
0.17314629258517 375 0.0670718087653847 0.0160963314929778 0.1988525390625 0.112671193901864 0
0.174949899799599 375 0.0775243250430655 0.0208282159500382 0.212127685546875 0.125258229996688 0
0.176753507014028 375 0.0775243250430655 0.0208282159500382 0.212127685546875 0.125258229996688 0
0.178557114228457 375 0.0947731800534719 0.0300807487581711 0.230239868164062 0.144390214094275 0
0.180360721442886 375 0.0775243250430641 0.0208281891135906 0.212127685546875 0.125257313733004 0
0.182164328657315 375 0.0775243250430641 0.0208281891135906 0.212127685546875 0.125257313733004 0
0.183967935871744 375 0.136377726882885 0.0584262867034956 0.267120361328125 0.186951114111397 0
0.185771543086172 375 0.0775243250430641 0.0208281891135906 0.212127685546875 0.125257313733004 0
0.187575150300601 375 0.0670718087653847 0.0160963314929778 0.1988525390625 0.112671193901864 0
0.18937875751503 375 0.067071808765384 0.0160963458150478 0.1988525390625 0.112673334578651 0
0.191182364729459 375 0.0775243250430655 0.0208282159500382 0.212127685546875 0.125258229996688 0
0.192985971943888 375 0.0775243250430641 0.0208281891135906 0.212127685546875 0.125257313733004 0
0.194789579158317 375 0.067071808765384 0.0160963458150478 0.1988525390625 0.112673334578651 0
0.196593186372746 375 0.0828179318142605 0.0237141434888057 0.216751098632812 0.130790076337713 0
0.198396793587174 375 0.0670718087653847 0.0160963314929778 0.1988525390625 0.112671193901864 0
0.200200400801603 375 0.0775243250430655 0.0208282159500382 0.212127685546875 0.125258229996688 0
0.202004008016032 375 0.0670718087653847 0.0160963314929778 0.1988525390625 0.112671193901864 0
0.203807615230461 375 0.0670718087653847 0.0160963314929778 0.1988525390625 0.112671193901864 0
0.20561122244489 375 0.0775243250430641 0.0208281891135906 0.212127685546875 0.125257313733004 0
0.207414829659319 375 0.067071808765384 0.0160963458150478 0.1988525390625 0.112673334578651 0
0.209218436873747 375 0.0775243250430655 0.0208282159500382 0.212127685546875 0.125258229996688 0
0.211022044088176 375 0.0775243250430655 0.0208282159500382 0.212127685546875 0.125258229996688 0
0.212825651302605 375 0.0775243250430641 0.0208281891135906 0.212127685546875 0.125257313733004 0
0.214629258517034 375 0.0775243250430641 0.0208281891135906 0.212127685546875 0.125257313733004 0
0.216432865731463 375 0.0775243250430641 0.0208281891135906 0.212127685546875 0.125257313733004 0
0.218236472945892 375 0.0775243250430655 0.0208282159500382 0.212127685546875 0.125258229996688 0
0.220040080160321 375 0.0828179318142605 0.0237141434888057 0.216751098632812 0.130790076337713 0
0.221843687374749 375 0.067071808765384 0.0160963458150478 0.1988525390625 0.112673334578651 0
0.223647294589178 375 0.0670718087653847 0.0160963314929778 0.1988525390625 0.112671193901864 0
0.225450901803607 375 0.0775243250430655 0.0208282159500382 0.212127685546875 0.125258229996688 0
0.227254509018036 375 0.0670718087653847 0.0160963314929778 0.1988525390625 0.112671193901864 0
0.229058116232465 375 0.0670718087653847 0.0160963314929778 0.1988525390625 0.112671193901864 0
0.230861723446894 375 0.0775243250430655 0.0208282159500382 0.212127685546875 0.125258229996688 0
0.232665330661323 375 0.0775243250430655 0.0208282159500382 0.212127685546875 0.125258229996688 0
0.234468937875751 375 0.0775243250430655 0.0208282159500382 0.212127685546875 0.125258229996688 0
0.23627254509018 375 0.0775243250430641 0.0208281891135906 0.212127685546875 0.125257313733004 0
0.238076152304609 375 0.0775243250430641 0.0208281891135906 0.212127685546875 0.125257313733004 0
0.239879759519038 375 0.067071808765384 0.0160963458150478 0.1988525390625 0.112673334578651 0
0.241683366733467 375 0.0670718087653847 0.0160963314929778 0.1988525390625 0.112671193901864 0
0.243486973947896 375 0.067071808765384 0.0160963458150478 0.1988525390625 0.112673334578651 0
0.245290581162325 375 0.0670718087653847 0.0160963314929778 0.1988525390625 0.112671193901864 0
0.247094188376754 375 0.0670718087653847 0.0160963314929778 0.1988525390625 0.112671193901864 0
0.248897795591182 375 0.0670718087653847 0.0160963314929778 0.1988525390625 0.112671193901864 0
0.250701402805611 375 0.0670718087653847 0.0160963314929778 0.1988525390625 0.112671193901864 0
0.25250501002004 365 0.0387523036532165 0.00575313364667116 0.16168212890625 0.0771747011579476 0
0.254308617234469 365 0.0637066038262361 0.0146710123027354 0.19482421875 0.108569531032641 0
0.256112224448898 365 0.0325161439369627 0.0041768272212242 0.149444580078125 0.0679820259470234 0
0.257915831663327 365 0.0325161439369627 0.0041768442686046 0.149444580078125 0.0679759560151287 0
0.259719438877756 365 0.0637066038262353 0.0146710149360705 0.19482421875 0.108582047169391 0
0.261523046092184 365 0.0387523036532165 0.00575313364667116 0.16168212890625 0.0771747011579476 0
0.263326653306613 365 0.0387523036532168 0.00575301171377917 0.16168212890625 0.0771747550651175 0
0.265130260521042 365 0.0325161439369627 0.0041768442686046 0.149444580078125 0.0679759560151287 0
0.266933867735471 365 0.0325161439369627 0.0041768272212242 0.149444580078125 0.0679820259470234 0
0.2687374749499 365 0.0387523036532165 0.00575313364667116 0.16168212890625 0.0771747011579476 0
0.270541082164329 365 0.0387523036532165 0.00575313364667116 0.16168212890625 0.0771747011579476 0
0.272344689378758 365 0.0325161439369627 0.0041768442686046 0.149444580078125 0.0679759560151287 0
0.274148296593186 365 0.0387523036532168 0.00575301171377917 0.16168212890625 0.0771747550651175 0
0.275951903807615 365 0.0325161439369627 0.0041768442686046 0.149444580078125 0.0679759560151287 0
0.277755511022044 365 0.0325161439369627 0.0041768442686046 0.149444580078125 0.0679759560151287 0
0.279559118236473 365 0.0387523036532165 0.00575313364667116 0.16168212890625 0.0771747011579476 0
0.281362725450902 365 0.0325161439369627 0.0041768272212242 0.149444580078125 0.0679820259470234 0
0.283166332665331 365 0.0387523036532165 0.00575313364667116 0.16168212890625 0.0771747011579476 0
0.284969939879759 365 0.0325161439369627 0.0041768442686046 0.149444580078125 0.0679759560151287 0
0.286773547094188 365 0.0387523036532165 0.00575313364667116 0.16168212890625 0.0771747011579476 0
0.288577154308617 365 0.0387523036532168 0.00575301171377917 0.16168212890625 0.0771747550651175 0
0.290380761523046 365 0.0325161439369627 0.0041768272212242 0.149444580078125 0.0679820259470234 0
0.292184368737475 365 0.0387523036532165 0.00575313364667116 0.16168212890625 0.0771747011579476 0
0.293987975951904 365 0.0325161439369627 0.0041768272212242 0.149444580078125 0.0679820259470234 0
0.295791583166333 365 0.0387523036532168 0.00575301171377917 0.16168212890625 0.0771747550651175 0
0.297595190380762 365 0.0325161439369627 0.0041768442686046 0.149444580078125 0.0679759560151287 0
0.29939879759519 365 0.0387523036532168 0.00575301171377917 0.16168212890625 0.0771747550651175 0
0.301202404809619 365 0.0387523036532168 0.00575301171377917 0.16168212890625 0.0771747550651175 0
0.303006012024048 365 0.0325161439369627 0.0041768272212242 0.149444580078125 0.0679820259470234 0
0.304809619238477 365 0.0325161439369627 0.0041768442686046 0.149444580078125 0.0679759560151287 0
0.306613226452906 365 0.0325161439369627 0.0041768272212242 0.149444580078125 0.0679820259470234 0
0.308416833667335 365 0.0325161439369627 0.0041768442686046 0.149444580078125 0.0679759560151287 0
0.310220440881764 365 0.0325161439369627 0.0041768442686046 0.149444580078125 0.0679759560151287 0
0.312024048096192 355 0.0143448893533495 0.00087884624781314 0.11083984375 0.0388835937099212 0
0.313827655310621 355 0.0310288683190665 0.00383542444022991 0.1470947265625 0.0657263007742702 0
0.31563126252505 355 0.0310288683190665 0.00383542444022991 0.1470947265625 0.0657263007742702 0
0.317434869739479 355 0.0176094047607295 0.00128893008016442 0.120819091796875 0.044997941059017 0
0.319238476953908 355 0.0143448893533495 0.00087884624781314 0.11083984375 0.0388835937099212 0
0.321042084168337 355 0.0143448893533495 0.00087884624781314 0.11083984375 0.0388835937099212 0
0.322845691382766 355 0.0176094047607292 0.00128888317376343 0.120819091796875 0.0449985490220904 0
0.324649298597194 355 0.0176094047607292 0.00128888317376343 0.120819091796875 0.0449985490220904 0
0.326452905811623 355 0.0176094047607292 0.00128888317376343 0.120819091796875 0.0449985490220904 0
0.328256513026052 355 0.0143448893533497 0.000878876311698456 0.11083984375 0.0388882241108748 0
0.330060120240481 355 0.0143448893533497 0.000878876311698456 0.11083984375 0.0388882241108748 0
0.33186372745491 355 0.0143448893533495 0.00087884624781314 0.11083984375 0.0388835937099212 0
0.333667334669339 355 0.0143448893533497 0.000878876311698456 0.11083984375 0.0388882241108748 0
0.335470941883768 355 0.0176094047607292 0.00128888317376343 0.120819091796875 0.0449985490220904 0
0.337274549098196 355 0.0143448893533497 0.000878876311698456 0.11083984375 0.0388882241108748 0
0.339078156312625 355 0.0176094047607292 0.00128888317376343 0.120819091796875 0.0449985490220904 0
0.340881763527054 355 0.0143448893533495 0.00087884624781314 0.11083984375 0.0388835937099212 0
0.342685370741483 355 0.0176094047607292 0.00128888317376343 0.120819091796875 0.0449985490220904 0
0.344488977955912 355 0.0143448893533495 0.00087884624781314 0.11083984375 0.0388835937099212 0
0.346292585170341 355 0.0143448893533495 0.00087884624781314 0.11083984375 0.0388835937099212 0
0.34809619238477 355 0.0143448893533497 0.000878876311698456 0.11083984375 0.0388882241108748 0
0.349899799599198 355 0.0143448893533495 0.00087884624781314 0.11083984375 0.0388835937099212 0
0.351703406813627 355 0.0143448893533495 0.00087884624781314 0.11083984375 0.0388835937099212 0
0.353507014028056 355 0.019200041149574 0.0015338064733605 0.12322998046875 0.0473936652788497 0
0.355310621242485 355 0.0143448893533495 0.00087884624781314 0.11083984375 0.0388835937099212 0
0.357114228456914 355 0.0143448893533495 0.00087884624781314 0.11083984375 0.0388835937099212 0
0.358917835671343 355 0.0176094047607292 0.00128888317376343 0.120819091796875 0.0449985490220904 0
0.360721442885772 355 0.0176094047607292 0.00128888317376343 0.120819091796875 0.0449985490220904 0
0.3625250501002 355 0.0143448893533495 0.00087884624781314 0.11083984375 0.0388835937099212 0
0.364328657314629 355 0.0143448893533497 0.000878876311698456 0.11083984375 0.0388882241108748 0
0.366132264529058 355 0.0143448893533497 0.000878876311698456 0.11083984375 0.0388882241108748 0
0.367935871743487 355 0.0143448893533495 0.00087884624781314 0.11083984375 0.0388835937099212 0
0.369739478957916 355 0.0143448893533497 0.000878876311698456 0.11083984375 0.0388882241108748 0
0.371543086172345 355 0.0143448893533495 0.00087884624781314 0.11083984375 0.0388835937099212 0
0.373346693386774 355 0.0143448893533497 0.000878876311698456 0.11083984375 0.0388882241108748 0
0.375150300601202 345 0.00681508673980193 0.000208646021333205 0.085601806640625 0.0236769278240313 0
0.376953907815631 345 0.00410185610744648 7.9269982745079e-05 0.0715484619140625 0.0168031616433854 0
0.37875751503006 345 0.00835392317075757 0.000305079478184755 0.093414306640625 0.0274491722725937 0
0.380561122244489 345 0.00681508673980193 0.000208646021333205 0.085601806640625 0.0236769278240313 0
0.382364729458918 345 0.00410185610744648 7.9348873030171e-05 0.0715484619140625 0.0168044673296 0
0.384168336673347 345 0.00860854024689204 0.000325062947029349 0.094146728515625 0.0279078123707175 0
0.385971943887776 345 0.00860854024689204 0.000325062947029349 0.094146728515625 0.0279078123707175 0
0.387775551102204 345 0.00860854024689206 0.000325112337132264 0.094146728515625 0.0279032003295478 0
0.389579158316633 345 0.00860854024689204 0.000325062947029349 0.094146728515625 0.0279078123707175 0
0.391382765531062 345 0.00579248089989964 0.000157139501071782 0.0797653198242188 0.0209750013587472 0
0.393186372745491 345 0.00537763319889228 0.000133012003078435 0.07855224609375 0.0201273174843482 0
0.39498997995992 345 0.00681508673980193 0.000208646021333205 0.085601806640625 0.0236769278240313 0
0.396793587174349 345 0.00410185610744648 7.9348873030171e-05 0.0715484619140625 0.0168044673296 0
0.398597194388778 345 0.00835392317075757 0.000305044912046374 0.093414306640625 0.0274507502259916 0
0.400400801603206 345 0.00681508673980193 0.000208646021333205 0.085601806640625 0.0236769278240313 0
0.402204408817635 345 0.00682978527386896 0.000209867981650126 0.0865478515625 0.0237956807299956 0
0.404008016032064 345 0.00860854024689206 0.000325112337132264 0.094146728515625 0.0279032003295478 0
0.405811623246493 345 0.00860854024689204 0.000325062947029349 0.094146728515625 0.0279078123707175 0
0.407615230460922 345 0.00860854024689206 0.000325112337132264 0.094146728515625 0.0279032003295478 0
0.409418837675351 345 0.00537763319889216 0.000132964903804581 0.07855224609375 0.020124189071875 0
0.41122244488978 345 0.00835392317075757 0.000305044912046374 0.093414306640625 0.0274507502259916 0
0.413026052104208 345 0.00682978527386896 0.000209867981650126 0.0865478515625 0.0237956807299956 0
0.414829659318637 345 0.00537763319889228 0.000133012003078435 0.07855224609375 0.0201273174843482 0
0.416633266533066 345 0.00681508673980193 0.000208646021333205 0.085601806640625 0.0236769278240313 0
0.418436873747495 345 0.00682978527386897 0.000209784100942645 0.0865478515625 0.0237994621544434 0
0.420240480961924 345 0.00410185610744648 7.9269982745079e-05 0.0715484619140625 0.0168031616433854 0
0.422044088176353 345 0.00410185610744648 7.9348873030171e-05 0.0715484619140625 0.0168044673296 0
0.423847695390782 345 0.00537763319889216 0.000132964903804581 0.07855224609375 0.020124189071875 0
0.42565130260521 345 0.00410185610744648 7.9269982745079e-05 0.0715484619140625 0.0168031616433854 0
0.427454909819639 345 0.00537763319889216 0.000132964903804581 0.07855224609375 0.020124189071875 0
0.429258517034068 345 0.00537763319889228 0.000133012003078435 0.07855224609375 0.0201273174843482 0
0.431062124248497 345 0.00537763319889216 0.000132964903804581 0.07855224609375 0.020124189071875 0
0.432865731462926 345 0.00537763319889228 0.000133012003078435 0.07855224609375 0.0201273174843482 0
0.434669338677355 345 0.00537763319889216 0.000132964903804581 0.07855224609375 0.020124189071875 0
0.436472945891784 345 0.00537763319889228 0.000133012003078435 0.07855224609375 0.0201273174843482 0
0.438276553106212 340 0.000478059591196986 1.13220724477777e-06 0.0348663330078125 0.00403800242741852 0
0.440080160320641 340 0.00150803469846878 1.1437182268719e-05 0.050506591796875 0.00856055056500648 0
0.44188376753507 340 0.000478059591196974 1.15136333274504e-06 0.0348663330078125 0.00403705230783685 0
0.443687374749499 340 0.000478059591196974 1.15136333274504e-06 0.0348663330078125 0.00403705230783685 0
0.445490981963928 340 0.00150803469846878 1.1437182268719e-05 0.050506591796875 0.00856055056500648 0
0.447294589178357 340 0.000478059591196986 1.13220724477777e-06 0.0348663330078125 0.00403800242741852 0
0.449098196392786 340 0.00150803469846881 1.14846856387785e-05 0.050506591796875 0.00855867382435522 0
0.450901803607214 340 0.000478059591196974 1.15136333274504e-06 0.0348663330078125 0.00403705230783685 0
0.452705410821643 340 0.00150803469846881 1.14846856387785e-05 0.050506591796875 0.00855867382435522 0
0.454509018036072 340 0.000478059591196986 1.13220724477777e-06 0.0348663330078125 0.00403800242741852 0
0.456312625250501 340 0.000478059591196986 1.13220724477777e-06 0.0348663330078125 0.00403800242741852 0
0.45811623246493 340 0.00150803469846881 1.14846856387785e-05 0.050506591796875 0.00855867382435522 0
0.459919839679359 340 0.000478059591196986 1.13220724477777e-06 0.0348663330078125 0.00403800242741852 0
0.461723446893788 340 0.000478059591196986 1.13220724477777e-06 0.0348663330078125 0.00403800242741852 0
0.463527054108216 340 0.000478059591196974 1.15136333274504e-06 0.0348663330078125 0.00403705230783685 0
0.465330661322645 340 0.000478059591196986 1.13220724477777e-06 0.0348663330078125 0.00403800242741852 0
0.467134268537074 340 0.000478059591196986 1.13220724477777e-06 0.0348663330078125 0.00403800242741852 0
0.468937875751503 340 0.000478059591196986 1.13220724477777e-06 0.0348663330078125 0.00403800242741852 0
0.470741482965932 340 0.000478059591196986 1.13220724477777e-06 0.0348663330078125 0.00403800242741852 0
0.472545090180361 340 0.000478059591196986 1.13220724477777e-06 0.0348663330078125 0.00403800242741852 0
0.47434869739479 340 0.000478059591196974 1.15136333274504e-06 0.0348663330078125 0.00403705230783685 0
0.476152304609218 340 0.000478059591196986 1.13220724477777e-06 0.0348663330078125 0.00403800242741852 0
0.477955911823647 340 0.000478059591196986 1.13220724477777e-06 0.0348663330078125 0.00403800242741852 0
0.479759519038076 340 0.000478059591196986 1.13220724477777e-06 0.0348663330078125 0.00403800242741852 0
0.481563126252505 340 0.000478059591196986 1.13220724477777e-06 0.0348663330078125 0.00403800242741852 0
0.483366733466934 340 0.000478059591196974 1.15136333274504e-06 0.0348663330078125 0.00403705230783685 0
0.485170340681363 340 0.000478059591196986 1.13220724477777e-06 0.0348663330078125 0.00403800242741852 0
0.486973947895792 340 0.000478059591196974 1.15136333274504e-06 0.0348663330078125 0.00403705230783685 0
0.48877755511022 340 0.000478059591196986 1.13220724477777e-06 0.0348663330078125 0.00403800242741852 0
0.490581162324649 340 0.000478059591196974 1.15136333274504e-06 0.0348663330078125 0.00403705230783685 0
0.492384769539078 340 0.000478059591196974 1.15136333274504e-06 0.0348663330078125 0.00403705230783685 0
0.494188376753507 340 0.000478059591196986 1.13220724477777e-06 0.0348663330078125 0.00403800242741852 0
0.495991983967936 340 0.000478059591196986 1.13220724477777e-06 0.0348663330078125 0.00403800242741852 0
0.497795591182365 340 0.000478059591196986 1.13220724477777e-06 0.0348663330078125 0.00403800242741852 0
0.499599198396794 340 0.000478059591196974 1.15136333274504e-06 0.0348663330078125 0.00403705230783685 0
0.501402805611222 340 0.000478059591196974 1.15136333274504e-06 0.0348663330078125 0.00403705230783685 0
0.503206412825651 340 0.000478059591196986 1.13220724477777e-06 0.0348663330078125 0.00403800242741852 0
0.50501002004008 340 0.000478059591196974 1.15136333274504e-06 0.0348663330078125 0.00403705230783685 0
0.506813627254509 340 0.000478059591196986 1.13220724477777e-06 0.0348663330078125 0.00403800242741852 0
0.508617234468938 335 7.48708368680177e-05 1.9057573956163e-08 0.02001953125 0.0012290650153804 0
0.510420841683367 335 7.48708368680177e-05 1.9057573956163e-08 0.02001953125 0.0012290650153804 0
0.512224448897796 335 7.48708368680177e-05 1.9057573956163e-08 0.02001953125 0.0012290650153804 0
0.514028056112224 335 7.48708368680177e-05 1.9057573956163e-08 0.02001953125 0.0012290650153804 0
0.515831663326653 335 7.48708368680177e-05 1.64989064707943e-09 0.02001953125 0.00122908859561821 0
0.517635270541082 335 7.48708368680177e-05 1.64989064707943e-09 0.02001953125 0.00122908859561821 0
0.519438877755511 335 7.48708368680177e-05 1.64989064707943e-09 0.02001953125 0.00122908859561821 0
0.52124248496994 335 0.000140547355917775 4.86919148698286e-08 0.02398681640625 0.00183693949391668 0
0.523046092184369 335 7.48708368680177e-05 1.9057573956163e-08 0.02001953125 0.0012290650153804 0
0.524849699398798 335 7.48708368680177e-05 1.64989064707943e-09 0.02001953125 0.00122908859561821 0
0.526653306613227 335 7.48708368680177e-05 1.9057573956163e-08 0.02001953125 0.0012290650153804 0
0.528456913827655 335 7.48708368680177e-05 1.9057573956163e-08 0.02001953125 0.0012290650153804 0
0.530260521042084 335 7.48708368680177e-05 1.64989064707943e-09 0.02001953125 0.00122908859561821 0
0.532064128256513 335 7.48708368680177e-05 1.64989064707943e-09 0.02001953125 0.00122908859561821 0
0.533867735470942 335 7.48708368680177e-05 1.9057573956163e-08 0.02001953125 0.0012290650153804 0
0.535671342685371 335 7.48708368680177e-05 1.64989064707943e-09 0.02001953125 0.00122908859561821 0
0.5374749498998 335 7.48708368680177e-05 1.9057573956163e-08 0.02001953125 0.0012290650153804 0
0.539278557114229 335 7.48708368680177e-05 1.64989064707943e-09 0.02001953125 0.00122908859561821 0
0.541082164328657 335 7.48708368680177e-05 1.64989064707943e-09 0.02001953125 0.00122908859561821 0
0.542885771543086 335 7.48708368680177e-05 1.64989064707943e-09 0.02001953125 0.00122908859561821 0
0.544689378757515 335 7.48708368680177e-05 1.64989064707943e-09 0.02001953125 0.00122908859561821 0
0.546492985971944 335 7.48708368680177e-05 1.9057573956163e-08 0.02001953125 0.0012290650153804 0
0.548296593186373 335 7.48708368680177e-05 1.9057573956163e-08 0.02001953125 0.0012290650153804 0
0.550100200400802 335 7.48708368680177e-05 1.9057573956163e-08 0.02001953125 0.0012290650153804 0
0.55190380761523 335 7.48708368680177e-05 1.64989064707943e-09 0.02001953125 0.00122908859561821 0
0.553707414829659 335 7.48708368680177e-05 1.64989064707943e-09 0.02001953125 0.00122908859561821 0
0.555511022044088 335 7.48708368680177e-05 1.64989064707943e-09 0.02001953125 0.00122908859561821 0
0.557314629258517 335 7.48708368680177e-05 1.9057573956163e-08 0.02001953125 0.0012290650153804 0
0.559118236472946 335 7.48708368680177e-05 1.9057573956163e-08 0.02001953125 0.0012290650153804 0
0.560921843687375 335 7.48708368680177e-05 1.64989064707943e-09 0.02001953125 0.00122908859561821 0
0.562725450901804 335 7.48708368680177e-05 1.9057573956163e-08 0.02001953125 0.0012290650153804 0
0.564529058116232 335 7.48708368680177e-05 1.9057573956163e-08 0.02001953125 0.0012290650153804 0
0.566332665330661 335 7.48708368680177e-05 1.64989064707943e-09 0.02001953125 0.00122908859561821 0
0.56813627254509 335 7.48708368680177e-05 1.9057573956163e-08 0.02001953125 0.0012290650153804 0
0.569939879759519 335 7.48708368680177e-05 1.64989064707943e-09 0.02001953125 0.00122908859561821 0
0.571743486973948 335 7.48708368680177e-05 1.9057573956163e-08 0.02001953125 0.0012290650153804 0
0.573547094188377 325 2.25262854234292e-05 2.64958233758142e-11 0.01507568359375 0.000603118790394864 0
0.575350701402806 325 3.52032310678295e-05 9.86428361401656e-10 0.0174560546875 0.000798259082087692 0
0.577154308617234 325 6.97939017462923e-05 1.69011090786954e-08 0.02093505859375 0.00122624404255534 0
0.578957915831663 325 3.52032310678295e-05 -1.45916884256243e-16 0.0174560546875 0.000798324962389262 0
0.580761523046092 325 2.25262854234292e-05 2.64958233758142e-11 0.01507568359375 0.000603118790394864 0
0.582565130260521 325 3.52032310678295e-05 -1.45916884256243e-16 0.0174560546875 0.000798324962389262 0
0.58436873747495 325 3.52032310678295e-05 9.86428361401656e-10 0.0174560546875 0.000798259082087692 0
0.586172344689379 325 5.4025866314044e-07 -7.91588864940368e-17 0.0050811767578125 5.68802466016346e-05 0
0.587975951903808 325 5.17109929351762e-06 -9.30186614913028e-17 0.009063720703125 0.00022893469134859 0
0.589779559118236 325 1.46523250201554e-06 -1.56800159964407e-17 0.006683349609375 0.000104633531616852 0
0.591583166332665 325 5.17109929351741e-06 -8.385094710133e-17 0.009063720703125 0.000228998078432443 0
0.593386773547094 325 3.82993814042641e-05 -6.19313363312811e-17 0.0166015625 0.000809439139572754 0
0.595190380761523 325 2.252628542343e-05 1.93385687441314e-10 0.01507568359375 0.000602980223566489 0
0.596993987975952 325 3.52032310678295e-05 -1.45916884256243e-16 0.0174560546875 0.000798324962389262 0
0.598797595190381 325 2.252628542343e-05 1.93385687441314e-10 0.01507568359375 0.000602980223566489 0
0.60060120240481 325 2.252628542343e-05 1.93385687441314e-10 0.01507568359375 0.000602980223566489 0
0.602404809619238 325 5.17109929351741e-06 -8.385094710133e-17 0.009063720703125 0.000228998078432443 0
0.604208416833667 325 5.17109929351741e-06 -8.385094710133e-17 0.009063720703125 0.000228998078432443 0
0.606012024048096 325 3.52032310678295e-05 9.86428361401656e-10 0.0174560546875 0.000798259082087692 0
0.607815631262525 325 5.4025866314044e-07 -7.91588864940368e-17 0.0050811767578125 5.68802466016346e-05 0
0.609619238476954 325 4.59397579002786e-05 -2.54606841262597e-17 0.018310546875 0.000940381098430889 0
0.611422845691383 325 5.17109929351762e-06 -9.30186614913028e-17 0.009063720703125 0.00022893469134859 0
0.613226452905812 325 1.46523250201554e-06 -1.56800159964407e-17 0.006683349609375 0.000104633531616852 0
0.615030060120241 325 3.52032310678295e-05 -1.45916884256243e-16 0.0174560546875 0.000798324962389262 0
0.616833667334669 325 9.62231537659617e-06 1.12439290378017e-12 0.010955810546875 0.000335923176108423 0
0.618637274549098 325 9.62231537659654e-06 -7.09368003162994e-17 0.010955810546875 0.00033596064140701 0
0.620440881763527 325 1.46523250201554e-06 -1.56800159964407e-17 0.006683349609375 0.000104633531616852 0
0.622244488977956 325 3.52032310678295e-05 -1.45916884256243e-16 0.0174560546875 0.000798324962389262 0
0.624048096192385 325 9.62231537659617e-06 1.12439290378017e-12 0.010955810546875 0.000335923176108423 0
0.625851703406814 325 2.252628542343e-05 1.93385687441314e-10 0.01507568359375 0.000602980223566489 0
0.627655310621243 325 5.17109929351762e-06 -9.30186614913028e-17 0.009063720703125 0.00022893469134859 0
0.629458917835671 325 5.17109929351762e-06 -9.30186614913028e-17 0.009063720703125 0.00022893469134859 0
0.6312625250501 325 2.25262854234292e-05 2.64958233758142e-11 0.01507568359375 0.000603118790394864 0
0.633066132264529 325 9.62231537659654e-06 -7.09368003162994e-17 0.010955810546875 0.00033596064140701 0
0.634869739478958 325 5.40258663140412e-07 -3.8810798347112e-17 0.0050811767578125 5.67663891275532e-05 0
0.636673346693387 325 5.17109929351741e-06 -8.385094710133e-17 0.009063720703125 0.000228998078432443 0
0.638476953907816 325 9.62231537659617e-06 1.12439290378017e-12 0.010955810546875 0.000335923176108423 0
0.640280561122245 325 5.4025866314044e-07 -7.91588864940368e-17 0.0050811767578125 5.68802466016346e-05 0
0.642084168336673 325 5.40258663140412e-07 -3.8810798347112e-17 0.0050811767578125 5.67663891275532e-05 0
0.643887775551102 325 5.4025866314044e-07 -7.91588864940368e-17 0.0050811767578125 5.68802466016346e-05 0
0.645691382765531 325 5.17109929351741e-06 -8.385094710133e-17 0.009063720703125 0.000228998078432443 0
0.64749498997996 325 1.46523250201554e-06 -1.56800159964407e-17 0.006683349609375 0.000104633531616852 0
0.649298597194389 325 5.40258663140412e-07 -3.8810798347112e-17 0.0050811767578125 5.67663891275532e-05 0
0.651102204408818 325 1.46523250201554e-06 -1.56800159964407e-17 0.006683349609375 0.000104633531616852 0
0.652905811623246 325 5.17109929351741e-06 -8.385094710133e-17 0.009063720703125 0.000228998078432443 0
0.654709418837675 325 5.40258663140412e-07 -3.8810798347112e-17 0.0050811767578125 5.67663891275532e-05 0
0.656513026052104 325 5.17109929351741e-06 -8.385094710133e-17 0.009063720703125 0.000228998078432443 0
0.658316633266533 325 5.40258663140412e-07 -3.8810798347112e-17 0.0050811767578125 5.67663891275532e-05 0
0.660120240480962 325 1.46523250201547e-06 -5.99505928924609e-17 0.006683349609375 0.000104602163698864 0
0.661923847695391 325 5.4025866314044e-07 -7.91588864940368e-17 0.0050811767578125 5.68802466016346e-05 0
0.66372745490982 325 1.46523250201554e-06 -1.56800159964407e-17 0.006683349609375 0.000104633531616852 0
0.665531062124249 325 5.4025866314044e-07 -7.91588864940368e-17 0.0050811767578125 5.68802466016346e-05 0
0.667334669338677 325 5.40258663140412e-07 -3.8810798347112e-17 0.0050811767578125 5.67663891275532e-05 0
0.669138276553106 325 1.46523250201547e-06 -5.99505928924609e-17 0.006683349609375 0.000104602163698864 0
0.670941883767535 325 5.40258663140412e-07 -3.8810798347112e-17 0.0050811767578125 5.67663891275532e-05 0
0.672745490981964 325 1.46523250201554e-06 -1.56800159964407e-17 0.006683349609375 0.000104633531616852 0
0.674549098196393 325 5.4025866314044e-07 -7.91588864940368e-17 0.0050811767578125 5.68802466016346e-05 0
0.676352705410822 325 5.4025866314044e-07 -7.91588864940368e-17 0.0050811767578125 5.68802466016346e-05 0
0.67815631262525 325 5.40258663140412e-07 -3.8810798347112e-17 0.0050811767578125 5.67663891275532e-05 0
0.679959919839679 325 5.4025866314044e-07 -7.91588864940368e-17 0.0050811767578125 5.68802466016346e-05 0
0.681763527054108 325 5.4025866314044e-07 -7.91588864940368e-17 0.0050811767578125 5.68802466016346e-05 0
0.683567134268537 325 5.4025866314044e-07 -7.91588864940368e-17 0.0050811767578125 5.68802466016346e-05 0
0.685370741482966 325 5.40258663140412e-07 -3.8810798347112e-17 0.0050811767578125 5.67663891275532e-05 0
0.687174348697395 325 5.4025866314044e-07 -7.91588864940368e-17 0.0050811767578125 5.68802466016346e-05 0
0.688977955911824 325 5.4025866314044e-07 -7.91588864940368e-17 0.0050811767578125 5.68802466016346e-05 0
0.690781563126252 325 5.4025866314044e-07 -7.91588864940368e-17 0.0050811767578125 5.68802466016346e-05 0
0.692585170340681 325 5.4025866314044e-07 -7.91588864940368e-17 0.0050811767578125 5.68802466016346e-05 0
0.69438877755511 325 5.4025866314044e-07 -7.91588864940368e-17 0.0050811767578125 5.68802466016346e-05 0
0.696192384769539 325 5.4025866314044e-07 -7.91588864940368e-17 0.0050811767578125 5.68802466016346e-05 0
0.697995991983968 320 3.38970851703961e-07 -3.33484051173279e-17 0.004486083984375 4.33406899772137e-05 0
0.699799599198397 320 3.38970851703961e-07 -6.54998336460191e-17 0.004486083984375 4.33558692228124e-05 0
0.701603206412826 320 3.38970851703961e-07 -6.54998336460191e-17 0.004486083984375 4.33558692228124e-05 0
0.703406813627255 320 3.38970851703961e-07 -3.33484051173279e-17 0.004486083984375 4.33406899772137e-05 0
0.705210420841683 320 3.38970851703961e-07 -6.54998336460191e-17 0.004486083984375 4.33558692228124e-05 0
0.707014028056112 320 3.38970851703961e-07 -3.33484051173279e-17 0.004486083984375 4.33406899772137e-05 0
0.708817635270541 320 3.38970851703961e-07 -3.33484051173279e-17 0.004486083984375 4.33406899772137e-05 0
0.71062124248497 320 3.38970851703961e-07 -3.33484051173279e-17 0.004486083984375 4.33406899772137e-05 0
0.712424849699399 320 3.38970851703961e-07 -6.54998336460191e-17 0.004486083984375 4.33558692228124e-05 0
0.714228456913828 320 3.38970851703961e-07 -3.33484051173279e-17 0.004486083984375 4.33406899772137e-05 0
0.716032064128257 320 3.38970851703961e-07 -6.54998336460191e-17 0.004486083984375 4.33558692228124e-05 0
0.717835671342685 320 3.38970851703961e-07 -6.54998336460191e-17 0.004486083984375 4.33558692228124e-05 0
0.719639278557114 315 2.35427237455542e-12 -4.2562203914695e-17 0.000396728515625 4.56650410490115e-08 0
0.721442885771543 315 1.11147900226365e-13 -3.84702025656363e-17 0.000274658203125 8.48998554458476e-09 0
0.723246492985972 315 9.39037913736736e-08 -5.72840830481978e-17 0.003326416015625 2.01404674529303e-05 0
0.725050100200401 315 4.83820194399033e-09 -5.21927643171154e-17 0.001739501953125 3.4511869450363e-06 0
0.72685370741483 315 1.11147900226365e-13 -6.38397929545451e-17 0.000274658203125 -1.43605250935707e-16 0
0.728657314629259 315 1.11147900226365e-13 -6.38397929545451e-17 0.000274658203125 -1.43605250935707e-16 0
0.730460921843687 315 5.7690900161056e-09 -4.63373212452407e-17 0.001861572265625 3.91411068354362e-06 0
0.732264529058116 315 5.76909001610601e-09 -3.50767637230513e-17 0.001861572265625 3.91348071095511e-06 0
0.734068136272545 315 1.11147900226365e-13 -6.38397929545451e-17 0.000274658203125 -1.43605250935707e-16 0
0.735871743486974 315 1.11147900226365e-13 -3.84702025656363e-17 0.000274658203125 8.48998554458476e-09 0
0.737675350701403 315 1.11147900226365e-13 -6.38397929545451e-17 0.000274658203125 -1.43605250935707e-16 0
0.739478957915832 315 5.7690900161056e-09 -4.63373212452407e-17 0.001861572265625 3.91411068354362e-06 0
0.741282565130261 315 2.35427237455542e-12 -4.2562203914695e-17 0.000396728515625 4.56650410490115e-08 0
0.743086172344689 315 1.11147900226365e-13 -3.84702025656363e-17 0.000274658203125 8.48998554458476e-09 0
0.744889779559118 315 4.83820194399033e-09 -5.21927643171154e-17 0.001739501953125 3.4511869450363e-06 0
0.746693386773547 315 5.76909001610601e-09 -3.50767637230513e-17 0.001861572265625 3.91348071095511e-06 0
0.748496993987976 315 2.35427237455542e-12 -4.2562203914695e-17 0.000396728515625 4.56650410490115e-08 0
0.750300601202405 315 1.11147900226365e-13 -6.38397929545451e-17 0.000274658203125 -1.43605250935707e-16 0
0.752104208416834 315 1.11147900226365e-13 -6.38397929545451e-17 0.000274658203125 -1.43605250935707e-16 0
0.753907815631263 315 1.11147900226365e-13 -3.84702025656363e-17 0.000274658203125 8.48998554458476e-09 0
0.755711422845691 315 1.11147900226365e-13 -6.38397929545451e-17 0.000274658203125 -1.43605250935707e-16 0
0.75751503006012 315 2.35427237455542e-12 -4.2562203914695e-17 0.000396728515625 4.56650410490115e-08 0
0.759318637274549 315 1.11147900226365e-13 -3.84702025656363e-17 0.000274658203125 8.48998554458476e-09 0
0.761122244488978 315 4.83820194399033e-09 -5.21927643171154e-17 0.001739501953125 3.4511869450363e-06 0
0.762925851703407 315 5.7690900161056e-09 -4.63373212452407e-17 0.001861572265625 3.91411068354362e-06 0
0.764729458917836 315 1.11147900226365e-13 -3.84702025656363e-17 0.000274658203125 8.48998554458476e-09 0
0.766533066132264 315 1.11147900226365e-13 -3.84702025656363e-17 0.000274658203125 8.48998554458476e-09 0
0.768336673346693 315 5.76909001610601e-09 -3.50767637230513e-17 0.001861572265625 3.91348071095511e-06 0
0.770140280561122 315 4.83820194399033e-09 -5.21927643171154e-17 0.001739501953125 3.4511869450363e-06 0
0.771943887775551 315 1.11147900226365e-13 -6.38397929545451e-17 0.000274658203125 -1.43605250935707e-16 0
0.77374749498998 315 1.11147900226365e-13 -3.84702025656363e-17 0.000274658203125 8.48998554458476e-09 0
0.775551102204409 315 1.11147900226365e-13 -6.38397929545451e-17 0.000274658203125 -1.43605250935707e-16 0
0.777354709418838 315 5.76909001610601e-09 -3.50767637230513e-17 0.001861572265625 3.91348071095511e-06 0
0.779158316633267 315 1.11147900226365e-13 -6.38397929545451e-17 0.000274658203125 -1.43605250935707e-16 0
0.780961923847695 315 1.11147900226365e-13 -6.38397929545451e-17 0.000274658203125 -1.43605250935707e-16 0
0.782765531062124 315 1.11147900226365e-13 -3.84702025656363e-17 0.000274658203125 8.48998554458476e-09 0
0.784569138276553 315 1.11147900226365e-13 -6.38397929545451e-17 0.000274658203125 -1.43605250935707e-16 0
0.786372745490982 315 4.83820194399068e-09 -5.71424555270664e-17 0.001739501953125 3.45043014110435e-06 0
0.788176352705411 315 4.83820194399068e-09 -5.71424555270664e-17 0.001739501953125 3.45043014110435e-06 0
0.78997995991984 315 1.11147900226365e-13 -6.38397929545451e-17 0.000274658203125 -1.43605250935707e-16 0
0.791783567134269 315 1.11147900226365e-13 -6.38397929545451e-17 0.000274658203125 -1.43605250935707e-16 0
0.793587174348697 315 1.11147900226365e-13 -6.38397929545451e-17 0.000274658203125 -1.43605250935707e-16 0
0.795390781563126 315 1.11147900226365e-13 -6.38397929545451e-17 0.000274658203125 -1.43605250935707e-16 0
0.797194388777555 315 1.11147900226365e-13 -6.38397929545451e-17 0.000274658203125 -1.43605250935707e-16 0
0.798997995991984 315 1.11147900226365e-13 -3.84702025656363e-17 0.000274658203125 8.48998554458476e-09 0
0.800801603206413 315 1.11147900226365e-13 -6.38397929545451e-17 0.000274658203125 -1.43605250935707e-16 0
0.802605210420842 315 1.11147900226365e-13 -6.38397929545451e-17 0.000274658203125 -1.43605250935707e-16 0
0.804408817635271 315 1.11147900226365e-13 -6.38397929545451e-17 0.000274658203125 -1.43605250935707e-16 0
0.806212424849699 315 1.11147900226365e-13 -6.38397929545451e-17 0.000274658203125 -1.43605250935707e-16 0
0.808016032064128 315 1.11147900226365e-13 -3.84702025656363e-17 0.000274658203125 8.48998554458476e-09 0
0.809819639278557 315 1.11147900226365e-13 -3.84702025656363e-17 0.000274658203125 8.48998554458476e-09 0
0.811623246492986 315 1.11147900226365e-13 -3.84702025656363e-17 0.000274658203125 8.48998554458476e-09 0
0.813426853707415 315 1.11147900226365e-13 -3.84702025656363e-17 0.000274658203125 8.48998554458476e-09 0
0.815230460921844 315 1.11147900226365e-13 -3.84702025656363e-17 0.000274658203125 8.48998554458476e-09 0
0.817034068136273 315 1.11147900226365e-13 -6.38397929545451e-17 0.000274658203125 -1.43605250935707e-16 0
0.818837675350701 315 1.11147900226365e-13 -6.38397929545451e-17 0.000274658203125 -1.43605250935707e-16 0
0.82064128256513 315 1.11147900226365e-13 -6.38397929545451e-17 0.000274658203125 -1.43605250935707e-16 0
0.822444889779559 315 1.11147900226365e-13 -3.84702025656363e-17 0.000274658203125 8.48998554458476e-09 0
0.824248496993988 315 1.11147900226365e-13 -6.38397929545451e-17 0.000274658203125 -1.43605250935707e-16 0
0.826052104208417 315 2.35427237455542e-12 -4.2562203914695e-17 0.000396728515625 4.56650410490115e-08 0
0.827855711422846 315 1.11147900226365e-13 -6.38397929545451e-17 0.000274658203125 -1.43605250935707e-16 0
0.829659318637275 315 1.11147900226365e-13 -6.38397929545451e-17 0.000274658203125 -1.43605250935707e-16 0
0.831462925851703 315 1.11147900226365e-13 -3.84702025656363e-17 0.000274658203125 8.48998554458476e-09 0
0.833266533066132 315 1.11147900226365e-13 -3.84702025656363e-17 0.000274658203125 8.48998554458476e-09 0
0.835070140280561 315 1.11147900226365e-13 -6.38397929545451e-17 0.000274658203125 -1.43605250935707e-16 0
0.83687374749499 315 1.11147900226365e-13 -3.84702025656363e-17 0.000274658203125 8.48998554458476e-09 0
0.838677354709419 315 1.11147900226365e-13 -6.38397929545451e-17 0.000274658203125 -1.43605250935707e-16 0
0.840480961923848 315 1.11147900226365e-13 -3.84702025656363e-17 0.000274658203125 8.48998554458476e-09 0
0.842284569138277 315 1.11147900226365e-13 -3.84702025656363e-17 0.000274658203125 8.48998554458476e-09 0
0.844088176352705 315 1.11147900226365e-13 -6.38397929545451e-17 0.000274658203125 -1.43605250935707e-16 0
0.845891783567134 315 1.11147900226365e-13 -6.38397929545451e-17 0.000274658203125 -1.43605250935707e-16 0
0.847695390781563 315 1.11147900226365e-13 -6.38397929545451e-17 0.000274658203125 -1.43605250935707e-16 0
0.849498997995992 315 1.11147900226365e-13 -3.84702025656363e-17 0.000274658203125 8.48998554458476e-09 0
0.851302605210421 315 1.11147900226365e-13 -3.84702025656363e-17 0.000274658203125 8.48998554458476e-09 0
0.85310621242485 315 1.11147900226365e-13 -3.84702025656363e-17 0.000274658203125 8.48998554458476e-09 0
0.854909819639278 315 2.35427237455512e-12 -2.38805377932699e-17 0.000396728515625 2.0976433767838e-08 0
0.856713426853707 315 1.11147900226365e-13 -3.84702025656363e-17 0.000274658203125 8.48998554458476e-09 0
0.858517034068136 315 1.11147900226365e-13 -6.38397929545451e-17 0.000274658203125 -1.43605250935707e-16 0
0.860320641282565 315 1.11147900226365e-13 -3.84702025656363e-17 0.000274658203125 8.48998554458476e-09 0
0.862124248496994 315 1.11147900226365e-13 -6.38397929545451e-17 0.000274658203125 -1.43605250935707e-16 0
0.863927855711423 315 1.11147900226365e-13 -3.84702025656363e-17 0.000274658203125 8.48998554458476e-09 0
0.865731462925852 315 1.11147900226365e-13 -3.84702025656363e-17 0.000274658203125 8.48998554458476e-09 0
0.867535070140281 315 1.11147900226365e-13 -3.84702025656363e-17 0.000274658203125 8.48998554458476e-09 0
0.869338677354709 315 1.11147900226365e-13 -3.84702025656363e-17 0.000274658203125 8.48998554458476e-09 0
0.871142284569138 315 1.11147900226365e-13 -6.38397929545451e-17 0.000274658203125 -1.43605250935707e-16 0
0.872945891783567 315 1.11147900226365e-13 -3.84702025656363e-17 0.000274658203125 8.48998554458476e-09 0
0.874749498997996 315 1.11147900226365e-13 -6.38397929545451e-17 0.000274658203125 -1.43605250935707e-16 0
0.876553106212425 315 1.11147900226365e-13 -6.38397929545451e-17 0.000274658203125 -1.43605250935707e-16 0
0.878356713426854 315 1.11147900226365e-13 -6.38397929545451e-17 0.000274658203125 -1.43605250935707e-16 0
0.880160320641283 315 1.11147900226365e-13 -3.84702025656363e-17 0.000274658203125 8.48998554458476e-09 0
0.881963927855711 315 1.11147900226365e-13 -3.84702025656363e-17 0.000274658203125 8.48998554458476e-09 0
0.88376753507014 315 1.11147900226365e-13 -6.38397929545451e-17 0.000274658203125 -1.43605250935707e-16 0
0.885571142284569 315 1.11147900226365e-13 -3.84702025656363e-17 0.000274658203125 8.48998554458476e-09 0
0.887374749498998 315 1.11147900226365e-13 -3.84702025656363e-17 0.000274658203125 8.48998554458476e-09 0
0.889178356713427 315 1.11147900226365e-13 -6.38397929545451e-17 0.000274658203125 -1.43605250935707e-16 0
0.890981963927856 315 1.11147900226365e-13 -3.84702025656363e-17 0.000274658203125 8.48998554458476e-09 0
0.892785571142285 315 1.11147900226365e-13 -6.38397929545451e-17 0.000274658203125 -1.43605250935707e-16 0
0.894589178356713 315 1.11147900226365e-13 -3.84702025656363e-17 0.000274658203125 8.48998554458476e-09 0
0.896392785571142 315 1.11147900226365e-13 -6.38397929545451e-17 0.000274658203125 -1.43605250935707e-16 0
0.898196392785571 315 1.11147900226365e-13 -6.38397929545451e-17 0.000274658203125 -1.43605250935707e-16 0
0.9 310 7.79765098835835e-17 -3.67707676822465e-17 6.103515625e-05 -1.42156979972658e-16 0
