"PARAM" "OV" "PCV1" "PCV2" "PCV3" "PCV4" "PCV5"
0 395 0.399059837697176 0.471516995484327 0.471516995484327 0.471516995484327 0.471516995484327
0.0251256281407035 395 0.399059837697176 0.471516995484327 0.471516995484327 0.471516995484327 0.471516995484327
0.050251256281407 395 0.399059837697176 0.471516995484327 0.471516995484327 0.471516995484327 0.471516995484327
0.0753768844221105 385 0.326539755789462 0.449326120625299 0.449326120625299 0.449326120625299 0.449326120625299
0.100502512562814 385 0.326539755789462 0.449326120625299 0.449326120625299 0.449326120625299 0.449326120625299
0.125628140703518 385 0.326539755789462 0.449326120625299 0.449326120625299 0.449326120625299 0.449326120625299
0.150753768844221 375 0.192296669034215 0.400940045748194 0.400940045748194 0.400940045748194 0.400940045748194
0.175879396984925 375 0.192296669034215 0.400940045748194 0.400940045748194 0.400940045748194 0.400940045748194
0.201005025125628 375 0.192296669034215 0.400940045748194 0.400940045748194 0.400940045748194 0.400940045748194
0.226130653266332 375 0.192296669034215 0.400940045748194 0.400940045748194 0.400940045748194 0.400940045748194
0.251256281407035 365 0.144198848291237 0.377949081506847 0.377949081506847 0.377949081506847 0.377949081506847
0.276381909547739 365 0.144198848291237 0.377949081506847 0.377949081506847 0.377949081506847 0.377949081506847
0.301507537688442 365 0.144198848291237 0.377949081506847 0.377949081506847 0.377949081506847 0.377949081506847
0.326633165829146 355 0.106451166060429 0.35413210194383 0.35413210194383 0.35413210194383 0.35413210194383
0.351758793969849 355 0.106451166060429 0.35413210194383 0.35413210194383 0.35413210194383 0.35413210194383
0.376884422110553 345 0.0694558755501457 0.33105189144128 0.33105189144128 0.33105189144128 0.33105189144128
0.402010050251256 345 0.0694558755501457 0.33105189144128 0.33105189144128 0.33105189144128 0.33105189144128
0.42713567839196 345 0.0694558755501457 0.33105189144128 0.33105189144128 0.33105189144128 0.33105189144128
0.452261306532663 340 0.0355581911718743 0.306051560149056 0.306051560149056 0.306051560149056 0.306051560149056
0.477386934673367 340 0.0355581911718743 0.306051560149056 0.306051560149056 0.306051560149056 0.306051560149056
0.50251256281407 340 0.0355581911718743 0.306051560149056 0.306051560149056 0.306051560149056 0.306051560149056
0.527638190954774 335 0.0215762632626768 0.283241019166926 0.283241019166926 0.283241019166926 0.283241019166926
0.552763819095477 335 0.0215762632626768 0.283241019166926 0.283241019166926 0.283241019166926 0.283241019166926
0.577889447236181 325 0.00729857413497196 0.242930580657063 0.242930580657063 0.242930580657063 0.242930580657063
0.603015075376884 325 0.00729857413497196 0.242930580657063 0.242930580657063 0.242930580657063 0.242930580657063
0.628140703517588 325 0.00729857413497196 0.242930580657063 0.242930580657063 0.242930580657063 0.242930580657063
0.653266331658292 325 0.00729857413497196 0.242930580657063 0.242930580657063 0.242930580657063 0.242930580657063
0.678391959798995 325 0.00729857413497196 0.242930580657063 0.242930580657063 0.242930580657063 0.242930580657063
0.703517587939698 320 0.00672135645218856 0.235968881142693 0.235968881142693 0.235968881142693 0.235968881142693
0.728643216080402 315 0.00109522758545229 0.184403127106458 0.184403127106458 0.184403127106458 0.184403127106458
0.753768844221105 315 0.00109522758545229 0.184403127106458 0.184403127106458 0.184403127106458 0.184403127106458
0.778894472361809 315 0.00109522758545229 0.184403127106458 0.184403127106458 0.184403127106458 0.184403127106458
0.804020100502513 315 0.00109522758545229 0.184403127106458 0.184403127106458 0.184403127106458 0.184403127106458
0.829145728643216 315 0.00109522758545229 0.184403127106458 0.184403127106458 0.184403127106458 0.184403127106458
0.85427135678392 315 0.00109522758545229 0.184403127106458 0.184403127106458 0.184403127106458 0.184403127106458
0.879396984924623 315 0.00109522758545229 0.184403127106458 0.184403127106458 0.184403127106458 0.184403127106458
0.904522613065327 310 0.000242530520908059 0.150535425324939 0.150535425324939 0.150535425324939 0.150535425324939
0.92964824120603 310 0.000242530520908059 0.150535425324939 0.150535425324939 0.150535425324939 0.150535425324939
0.954773869346734 310 0.000242530520908059 0.150535425324939 0.150535425324939 0.150535425324939 0.150535425324939
0.979899497487437 310 0.000242530520908059 0.150535425324939 0.150535425324939 0.150535425324939 0.150535425324939
1.00502512562814 310 0.000242530520908059 0.150535425324939 0.150535425324939 0.150535425324939 0.150535425324939
1.03015075376884 310 0.000242530520908059 0.150535425324939 0.150535425324939 0.150535425324939 0.150535425324939
1.05527638190955 300 2.50505899568118e-05 0.108527420194223 0.108527420194223 0.108527420194223 0.108527420194223
1.08040201005025 300 2.50505899568118e-05 0.108527420194223 0.108527420194223 0.108527420194223 0.108527420194223
1.10552763819095 300 2.50505899568118e-05 0.108527420194223 0.108527420194223 0.108527420194223 0.108527420194223
1.13065326633166 300 2.50505899568118e-05 0.108527420194223 0.108527420194223 0.108527420194223 0.108527420194223
1.15577889447236 300 2.50505899568118e-05 0.108527420194223 0.108527420194223 0.108527420194223 0.108527420194223
1.18090452261307 300 2.50505899568118e-05 0.108527420194223 0.108527420194223 0.108527420194223 0.108527420194223
1.20603015075377 300 2.50505899568118e-05 0.108527420194223 0.108527420194223 0.108527420194223 0.108527420194223
1.23115577889447 300 2.50505899568118e-05 0.108527420194223 0.108527420194223 0.108527420194223 0.108527420194223
1.25628140703518 290.001036777565 2.51220432300281e-05 0.104497661404521 0.104497661404521 0.104497661404521 0.104497661404521
1.28140703517588 285 9.22229790653621e-07 0.0695972664227219 0.0695972664227219 0.0695972664227219 0.0695972664227219
1.30653266331658 285 9.22229790653621e-07 0.0695972664227219 0.0695972664227219 0.0695972664227219 0.0695972664227219
1.33165829145729 285 9.22229790653621e-07 0.0695972664227219 0.0695972664227219 0.0695972664227219 0.0695972664227219
1.35678391959799 285 9.22229790653621e-07 0.0695972664227219 0.0695972664227219 0.0695972664227219 0.0695972664227219
1.38190954773869 285 9.22229790653621e-07 0.0695972664227219 0.0695972664227219 0.0695972664227219 0.0695972664227219
1.4070351758794 285 9.22229790653621e-07 0.0695972664227219 0.0695972664227219 0.0695972664227219 0.0695972664227219
1.4321608040201 285 9.22229790653621e-07 0.0695972664227219 0.0695972664227219 0.0695972664227219 0.0695972664227219
1.4572864321608 285 9.22229790653621e-07 0.0695972664227219 0.0695972664227219 0.0695972664227219 0.0695972664227219
1.48241206030151 275 2.67983340044412e-08 0.0408353552827705 0.0408353552827705 0.0408353552827705 0.0408353552827705
1.50753768844221 275 2.67983340044412e-08 0.0408353552827705 0.0408353552827705 0.0408353552827705 0.0408353552827705
1.53266331658291 275 2.67983340044412e-08 0.0408353552827705 0.0408353552827705 0.0408353552827705 0.0408353552827705
1.55778894472362 275 2.67983340044412e-08 0.0408353552827705 0.0408353552827705 0.0408353552827705 0.0408353552827705
1.58291457286432 275 2.67983340044412e-08 0.0408353552827705 0.0408353552827705 0.0408353552827705 0.0408353552827705
1.60804020100503 275 2.67983340044412e-08 0.0408353552827705 0.0408353552827705 0.0408353552827705 0.0408353552827705
1.63316582914573 275 2.67983340044412e-08 0.0408353552827705 0.0408353552827705 0.0408353552827705 0.0408353552827705
1.65829145728643 275 2.67983340044412e-08 0.0408353552827705 0.0408353552827705 0.0408353552827705 0.0408353552827705
1.68341708542714 275 2.67983340044412e-08 0.0408353552827705 0.0408353552827705 0.0408353552827705 0.0408353552827705
1.70854271356784 275 2.67983340044412e-08 0.0408353552827705 0.0408353552827705 0.0408353552827705 0.0408353552827705
1.73366834170854 275 2.67983340044412e-08 0.0408353552827705 0.0408353552827705 0.0408353552827705 0.0408353552827705
1.75879396984925 265 8.45388152362972e-09 0.0328686393191032 0.0328686393191032 0.0328686393191032 0.0328686393191032
1.78391959798995 265 8.45388152362972e-09 0.0328686393191032 0.0328686393191032 0.0328686393191032 0.0328686393191032
1.80904522613065 265 8.45388152362972e-09 0.0328686393191032 0.0328686393191032 0.0328686393191032 0.0328686393191032
1.83417085427136 265 8.45388152362972e-09 0.0328686393191032 0.0328686393191032 0.0328686393191032 0.0328686393191032
1.85929648241206 255 6.10232737488232e-10 0.0216484978668927 0.0216484978668927 0.0216484978668927 0.0216484978668927
1.88442211055276 255 6.10232737488232e-10 0.0216484978668927 0.0216484978668927 0.0216484978668927 0.0216484978668927
1.90954773869347 255 6.10232737488232e-10 0.0216484978668927 0.0216484978668927 0.0216484978668927 0.0216484978668927
1.93467336683417 255 6.10232737488232e-10 0.0216484978668927 0.0216484978668927 0.0216484978668927 0.0216484978668927
1.95979899497487 255 6.10232737488232e-10 0.0216484978668927 0.0216484978668927 0.0216484978668927 0.0216484978668927
1.98492462311558 255 6.10232737488232e-10 0.0216484978668927 0.0216484978668927 0.0216484978668927 0.0216484978668927
2.01005025125628 255 6.10232737488232e-10 0.0216484978668927 0.0216484978668927 0.0216484978668927 0.0216484978668927
2.03517587939698 245 1.72264733585311e-10 0.0166504726068071 0.0166504726068071 0.0166504726068071 0.0166504726068071
2.06030150753769 245 1.72264733585311e-10 0.0166504726068071 0.0166504726068071 0.0166504726068071 0.0166504726068071
2.08542713567839 245 1.72264733585311e-10 0.0166504726068071 0.0166504726068071 0.0166504726068071 0.0166504726068071
2.1105527638191 245 1.72264733585311e-10 0.0166504726068071 0.0166504726068071 0.0166504726068071 0.0166504726068071
2.1356783919598 240 7.49714169035871e-11 0.0149892321134933 0.0149892321134933 0.0149892321134933 0.0149892321134933
2.1608040201005 240 7.49714169035871e-11 0.0149892321134933 0.0149892321134933 0.0149892321134933 0.0149892321134933
2.18592964824121 235 3.30433907531862e-14 0.0107220888497941 0.0107220888497941 0.0107220888497941 0.0107220888497941
2.21105527638191 235 3.30433907531862e-14 0.0107220888497941 0.0107220888497941 0.0107220888497941 0.0107220888497941
2.23618090452261 235 3.30433907531862e-14 0.0107220888497941 0.0107220888497941 0.0107220888497941 0.0107220888497941
2.26130653266332 235 3.30433907531862e-14 0.0107220888497941 0.0107220888497941 0.0107220888497941 0.0107220888497941
2.28643216080402 235 3.30433907531862e-14 0.0107220888497941 0.0107220888497941 0.0107220888497941 0.0107220888497941
2.31155778894472 230 5.43639301774374e-27 0.00085721517863027 0.00085721517863027 0.00085721517863027 0.00085721517863027
2.33668341708543 230 5.43639301774374e-27 0.00085721517863027 0.00085721517863027 0.00085721517863027 0.00085721517863027
2.36180904522613 230 5.43639301774374e-27 0.00085721517863027 0.00085721517863027 0.00085721517863027 0.00085721517863027
2.38693467336683 230 5.43639301774374e-27 0.00085721517863027 0.00085721517863027 0.00085721517863027 0.00085721517863027
2.41206030150754 230 5.43639301774374e-27 0.00085721517863027 0.00085721517863027 0.00085721517863027 0.00085721517863027
2.43718592964824 230 5.43639301774374e-27 0.00085721517863027 0.00085721517863027 0.00085721517863027 0.00085721517863027
2.46231155778894 230 5.43639301774374e-27 0.00085721517863027 0.00085721517863027 0.00085721517863027 0.00085721517863027
2.48743718592965 230 5.43639301774374e-27 0.00085721517863027 0.00085721517863027 0.00085721517863027 0.00085721517863027
2.51256281407035 230 2.34334747208296e-25 0.00119668815577791 0.00119668815577791 0.00119668815577791 0.00119668815577791
2.53768844221106 230 5.43639301774374e-27 0.00085721517863027 0.00085721517863027 0.00085721517863027 0.00085721517863027
2.56281407035176 230 5.43639301774374e-27 0.00085721517863027 0.00085721517863027 0.00085721517863027 0.00085721517863027
2.58793969849246 230 5.43639301774374e-27 0.00085721517863027 0.00085721517863027 0.00085721517863027 0.00085721517863027
2.61306532663317 230 5.43639301774374e-27 0.00085721517863027 0.00085721517863027 0.00085721517863027 0.00085721517863027
2.63819095477387 230 5.43639301774374e-27 0.00085721517863027 0.00085721517863027 0.00085721517863027 0.00085721517863027
2.66331658291457 230 5.43639301774374e-27 0.00085721517863027 0.00085721517863027 0.00085721517863027 0.00085721517863027
2.68844221105528 230 5.43639301774385e-27 0.000857215178630271 0.000857215178630271 0.000857215178630271 0.000857215178630271
2.71356783919598 230 5.43639301774374e-27 0.00085721517863027 0.00085721517863027 0.00085721517863027 0.00085721517863027
2.73869346733668 230 5.43639301774374e-27 0.00085721517863027 0.00085721517863027 0.00085721517863027 0.00085721517863027
2.76381909547739 230 5.43639301774374e-27 0.00085721517863027 0.00085721517863027 0.00085721517863027 0.00085721517863027
2.78894472361809 230 5.43639301774374e-27 0.00085721517863027 0.00085721517863027 0.00085721517863027 0.00085721517863027
2.81407035175879 230 5.43639301774374e-27 0.00085721517863027 0.00085721517863027 0.00085721517863027 0.00085721517863027
2.8391959798995 230 5.43639301774374e-27 0.00085721517863027 0.00085721517863027 0.00085721517863027 0.00085721517863027
2.8643216080402 230 5.43639301774374e-27 0.00085721517863027 0.00085721517863027 0.00085721517863027 0.00085721517863027
2.8894472361809 230 5.43639301774374e-27 0.00085721517863027 0.00085721517863027 0.00085721517863027 0.00085721517863027
2.91457286432161 230 5.43639301774374e-27 0.00085721517863027 0.00085721517863027 0.00085721517863027 0.00085721517863027
2.93969849246231 230 5.43639301774374e-27 0.00085721517863027 0.00085721517863027 0.00085721517863027 0.00085721517863027
2.96482412060302 230 5.43639301774374e-27 0.00085721517863027 0.00085721517863027 0.00085721517863027 0.00085721517863027
2.98994974874372 230 5.43639301774374e-27 0.00085721517863027 0.00085721517863027 0.00085721517863027 0.00085721517863027
3.01507537688442 230 5.43639301774374e-27 0.00085721517863027 0.00085721517863027 0.00085721517863027 0.00085721517863027
3.04020100502513 230 5.43639301774374e-27 0.00085721517863027 0.00085721517863027 0.00085721517863027 0.00085721517863027
3.06532663316583 230 5.43639301774374e-27 0.00085721517863027 0.00085721517863027 0.00085721517863027 0.00085721517863027
3.09045226130653 230 5.43639301774374e-27 0.00085721517863027 0.00085721517863027 0.00085721517863027 0.00085721517863027
3.11557788944724 230 5.43639301774374e-27 0.00085721517863027 0.00085721517863027 0.00085721517863027 0.00085721517863027
3.14070351758794 220 3.20387865258772e-31 0.000229163481448377 0.000229163481448377 0.000229163481448377 0.000229163481448377
3.16582914572864 220 3.20387865258772e-31 0.000229163481448377 0.000229163481448377 0.000229163481448377 0.000229163481448377
3.19095477386935 220 3.20387865258772e-31 0.000229163481448377 0.000229163481448377 0.000229163481448377 0.000229163481448377
3.21608040201005 220 3.20387865258772e-31 0.000229163481448377 0.000229163481448377 0.000229163481448377 0.000229163481448377
3.24120603015075 220 3.20387865258772e-31 0.000229163481448377 0.000229163481448377 0.000229163481448377 0.000229163481448377
3.26633165829146 220 3.20387865258772e-31 0.000229163481448377 0.000229163481448377 0.000229163481448377 0.000229163481448377
3.29145728643216 220 3.20387865258772e-31 0.000229163481448377 0.000229163481448377 0.000229163481448377 0.000229163481448377
3.31658291457286 220 3.20387865258772e-31 0.000229163481448377 0.000229163481448377 0.000229163481448377 0.000229163481448377
3.34170854271357 220 3.20387865258772e-31 0.000229163481448377 0.000229163481448377 0.000229163481448377 0.000229163481448377
3.36683417085427 220 3.20387865258772e-31 0.000229163481448377 0.000229163481448377 0.000229163481448377 0.000229163481448377
3.39195979899498 220 3.20387865258772e-31 0.000229163481448377 0.000229163481448377 0.000229163481448377 0.000229163481448377
3.41708542713568 220 3.20387865258772e-31 0.000229163481448377 0.000229163481448377 0.000229163481448377 0.000229163481448377
3.44221105527638 220 3.20387865258772e-31 0.000229163481448377 0.000229163481448377 0.000229163481448377 0.000229163481448377
3.46733668341709 220 3.20387865258772e-31 0.000229163481448377 0.000229163481448377 0.000229163481448377 0.000229163481448377
3.49246231155779 220 3.20387865258772e-31 0.000229163481448377 0.000229163481448377 0.000229163481448377 0.000229163481448377
3.51758793969849 210 4.29443700253731e-30 0.000196407252847911 0.000196407252847911 0.000196407252847911 0.000196407252847911
3.5427135678392 210 4.29443700253731e-30 0.000196407252847911 0.000196407252847911 0.000196407252847911 0.000196407252847911
3.5678391959799 205 2.32192007750881e-38 3.66491731867245e-05 3.66491731867245e-05 3.66491731867245e-05 3.66491731867245e-05
3.5929648241206 205 2.32192007750881e-38 3.66491731867245e-05 3.66491731867245e-05 3.66491731867245e-05 3.66491731867245e-05
3.61809045226131 205 2.32192007750881e-38 3.66491731867245e-05 3.66491731867245e-05 3.66491731867245e-05 3.66491731867245e-05
3.64321608040201 205 2.32192007750881e-38 3.66491731867245e-05 3.66491731867245e-05 3.66491731867245e-05 3.66491731867245e-05
3.66834170854271 205 2.32192007750881e-38 3.66491731867245e-05 3.66491731867245e-05 3.66491731867245e-05 3.66491731867245e-05
3.69346733668342 205 2.32192007750881e-38 3.66491731867245e-05 3.66491731867245e-05 3.66491731867245e-05 3.66491731867245e-05
3.71859296482412 205 2.32192007750881e-38 3.66491731867245e-05 3.66491731867245e-05 3.66491731867245e-05 3.66491731867245e-05
3.74371859296482 205 2.32192007750881e-38 3.66491731867245e-05 3.66491731867245e-05 3.66491731867245e-05 3.66491731867245e-05
3.76884422110553 205 2.32192007750881e-38 3.66491731867245e-05 3.66491731867245e-05 3.66491731867245e-05 3.66491731867245e-05
3.79396984924623 205 2.32192007750881e-38 3.66491731867245e-05 3.66491731867245e-05 3.66491731867245e-05 3.66491731867245e-05
3.81909547738693 205 2.32192007750881e-38 3.66491731867245e-05 3.66491731867245e-05 3.66491731867245e-05 3.66491731867245e-05
3.84422110552764 205 2.32192007750881e-38 3.66491731867245e-05 3.66491731867245e-05 3.66491731867245e-05 3.66491731867245e-05
3.86934673366834 205 2.32192007750881e-38 3.66491731867245e-05 3.66491731867245e-05 3.66491731867245e-05 3.66491731867245e-05
3.89447236180905 205 2.32192007750881e-38 3.66491731867245e-05 3.66491731867245e-05 3.66491731867245e-05 3.66491731867245e-05
3.91959798994975 205 2.32192007750881e-38 3.66491731867245e-05 3.66491731867245e-05 3.66491731867245e-05 3.66491731867245e-05
3.94472361809045 205 2.32192007750881e-38 3.66491731867245e-05 3.66491731867245e-05 3.66491731867245e-05 3.66491731867245e-05
3.96984924623116 200 6.87345483296796e-63 6.63542647864023e-07 6.63542647864023e-07 6.63542647864023e-07 6.63542647864023e-07
3.99497487437186 200 6.87345483296796e-63 6.63542647864023e-07 6.63542647864023e-07 6.63542647864023e-07 6.63542647864023e-07
4.02010050251256 200 6.87345483296836e-63 6.63542647864026e-07 6.63542647864026e-07 6.63542647864026e-07 6.63542647864026e-07
4.04522613065327 200 6.87345483296796e-63 6.63542647864023e-07 6.63542647864023e-07 6.63542647864023e-07 6.63542647864023e-07
4.07035175879397 200 6.87345483296796e-63 6.63542647864023e-07 6.63542647864023e-07 6.63542647864023e-07 6.63542647864023e-07
4.09547738693467 200 6.87345483296796e-63 6.63542647864023e-07 6.63542647864023e-07 6.63542647864023e-07 6.63542647864023e-07
4.12060301507538 200 6.87345483296796e-63 6.63542647864023e-07 6.63542647864023e-07 6.63542647864023e-07 6.63542647864023e-07
4.14572864321608 200 6.87345483296836e-63 6.63542647864026e-07 6.63542647864026e-07 6.63542647864026e-07 6.63542647864026e-07
4.17085427135678 200 6.87345483296796e-63 6.63542647864023e-07 6.63542647864023e-07 6.63542647864023e-07 6.63542647864023e-07
4.19597989949749 200 6.87345483296796e-63 6.63542647864023e-07 6.63542647864023e-07 6.63542647864023e-07 6.63542647864023e-07
4.22110552763819 200 6.87345483296796e-63 6.63542647864023e-07 6.63542647864023e-07 6.63542647864023e-07 6.63542647864023e-07
4.24623115577889 200 6.87345483296796e-63 6.63542647864023e-07 6.63542647864023e-07 6.63542647864023e-07 6.63542647864023e-07
4.2713567839196 200 6.87345483296796e-63 6.63542647864023e-07 6.63542647864023e-07 6.63542647864023e-07 6.63542647864023e-07
4.2964824120603 200 6.87345483296796e-63 6.63542647864023e-07 6.63542647864023e-07 6.63542647864023e-07 6.63542647864023e-07
4.321608040201 200 6.87345483296796e-63 6.63542647864023e-07 6.63542647864023e-07 6.63542647864023e-07 6.63542647864023e-07
4.34673366834171 200 6.87345483296796e-63 6.63542647864023e-07 6.63542647864023e-07 6.63542647864023e-07 6.63542647864023e-07
4.37185929648241 200 6.87345483296796e-63 6.63542647864023e-07 6.63542647864023e-07 6.63542647864023e-07 6.63542647864023e-07
4.39698492462312 200 6.87345483296796e-63 6.63542647864023e-07 6.63542647864023e-07 6.63542647864023e-07 6.63542647864023e-07
4.42211055276382 200 6.87345483296796e-63 6.63542647864023e-07 6.63542647864023e-07 6.63542647864023e-07 6.63542647864023e-07
4.44723618090452 200 6.87345483296796e-63 6.63542647864023e-07 6.63542647864023e-07 6.63542647864023e-07 6.63542647864023e-07
4.47236180904523 200 6.87345483296796e-63 6.63542647864023e-07 6.63542647864023e-07 6.63542647864023e-07 6.63542647864023e-07
4.49748743718593 200 6.87345483296796e-63 6.63542647864023e-07 6.63542647864023e-07 6.63542647864023e-07 6.63542647864023e-07
4.52261306532663 200 6.87345483296796e-63 6.63542647864023e-07 6.63542647864023e-07 6.63542647864023e-07 6.63542647864023e-07
4.54773869346734 200 6.87345483296796e-63 6.63542647864023e-07 6.63542647864023e-07 6.63542647864023e-07 6.63542647864023e-07
4.57286432160804 200 6.87345483296796e-63 6.63542647864023e-07 6.63542647864023e-07 6.63542647864023e-07 6.63542647864023e-07
4.59798994974874 200 6.87345483296796e-63 6.63542647864023e-07 6.63542647864023e-07 6.63542647864023e-07 6.63542647864023e-07
4.62311557788945 200 6.87345483296796e-63 6.63542647864023e-07 6.63542647864023e-07 6.63542647864023e-07 6.63542647864023e-07
4.64824120603015 200 6.87345483296796e-63 6.63542647864023e-07 6.63542647864023e-07 6.63542647864023e-07 6.63542647864023e-07
4.67336683417085 200 6.87345483296796e-63 6.63542647864023e-07 6.63542647864023e-07 6.63542647864023e-07 6.63542647864023e-07
4.69849246231156 200 6.87345483296796e-63 6.63542647864023e-07 6.63542647864023e-07 6.63542647864023e-07 6.63542647864023e-07
4.72361809045226 200 6.87345483296796e-63 6.63542647864023e-07 6.63542647864023e-07 6.63542647864023e-07 6.63542647864023e-07
4.74874371859296 200 6.87345483296796e-63 6.63542647864023e-07 6.63542647864023e-07 6.63542647864023e-07 6.63542647864023e-07
4.77386934673367 200 6.87345483296796e-63 6.63542647864023e-07 6.63542647864023e-07 6.63542647864023e-07 6.63542647864023e-07
4.79899497487437 200 6.87345483296796e-63 6.63542647864023e-07 6.63542647864023e-07 6.63542647864023e-07 6.63542647864023e-07
4.82412060301507 200 6.87345483296796e-63 6.63542647864023e-07 6.63542647864023e-07 6.63542647864023e-07 6.63542647864023e-07
4.84924623115578 190 5.58114829353324e-72 3.74333903387237e-08 3.74333903387237e-08 3.74333903387237e-08 3.74333903387237e-08
4.87437185929648 190 5.58114829353324e-72 3.74333903387237e-08 3.74333903387237e-08 3.74333903387237e-08 3.74333903387237e-08
4.89949748743719 190 5.58114829353324e-72 3.74333903387237e-08 3.74333903387237e-08 3.74333903387237e-08 3.74333903387237e-08
4.92462311557789 190 5.58114829353324e-72 3.74333903387237e-08 3.74333903387237e-08 3.74333903387237e-08 3.74333903387237e-08
4.94974874371859 190 5.58114829353324e-72 3.74333903387237e-08 3.74333903387237e-08 3.74333903387237e-08 3.74333903387237e-08
4.9748743718593 190 5.58114829353324e-72 3.74333903387237e-08 3.74333903387237e-08 3.74333903387237e-08 3.74333903387237e-08
5 190 5.58114829353324e-72 3.74333903387237e-08 3.74333903387237e-08 3.74333903387237e-08 3.74333903387237e-08
